A1	A2	A3	A4	A5	A6	A7	A8	A9	A10	A11	A12	B1	B2	B3	B4	B5	B6	B7	B8	B9	B10	B11	B12	C1	C2	C3	C4	C5	C6	C7	C8	C9	C10	C11	C12	D1	D2	D3	D4	D5	D6	D7	D8	D9	D10	D11	D12	E1	E2	E3	E4	E5	E6	E7	E8	E9	E10	E11	E12	F1	F2	F3	F4	F5	F6	F7	F8	F9	F10	F11	F12	G1	G2	G3	G4	G5	G6	G7	G8	G9	G10	G11	G12	H1	H2	H3	H4	H5	H6	H7	H8	H9	H10	H11	H12
0.081	0.08	0.081	0.08	0.079	0.08	0.081	0.081	0.081	0.081	0.082	0.082	0.08	0.086	0.087	0.084	0.084	0.089	0.087	0.086	0.087	0.089	0.086	0.081	0.082	0.087	0.086	0.085	0.085	0.086	0.087	0.086	0.087	0.087	0.085	0.08	0.082	0.085	0.088	0.086	0.085	0.095	0.087	0.088	0.087	0.087	0.083	0.084	0.084	0.087	0.086	0.087	0.087	0.087	0.087	0.086	0.085	0.085	0.103	0.079	0.084	0.088	0.086	0.085	0.086	0.086	0.086	0.086	0.085	0.086	0.083	0.078	0.084	0.087	0.087	0.086	0.086	0.086	0.086	0.086	0.086	0.086	0.081	0.08	0.082	0.079	0.08	0.079	0.079	0.08	0.081	0.08	0.08	0.08	0.08	0.08
0.081	0.08	0.081	0.079	0.08	0.08	0.08	0.081	0.082	0.081	0.082	0.081	0.079	0.086	0.087	0.085	0.084	0.088	0.087	0.086	0.087	0.089	0.086	0.081	0.082	0.087	0.087	0.086	0.085	0.087	0.087	0.086	0.087	0.087	0.085	0.081	0.082	0.086	0.088	0.086	0.086	0.097	0.087	0.088	0.087	0.087	0.083	0.084	0.084	0.087	0.086	0.087	0.088	0.087	0.087	0.086	0.085	0.085	0.119	0.079	0.085	0.088	0.086	0.086	0.086	0.086	0.086	0.086	0.085	0.086	0.083	0.078	0.084	0.087	0.087	0.087	0.086	0.087	0.086	0.086	0.086	0.086	0.081	0.079	0.082	0.079	0.08	0.079	0.079	0.079	0.08	0.08	0.08	0.079	0.079	0.08
0.081	0.08	0.081	0.08	0.079	0.08	0.08	0.081	0.082	0.081	0.082	0.082	0.08	0.088	0.088	0.085	0.084	0.088	0.087	0.087	0.087	0.089	0.086	0.082	0.082	0.088	0.087	0.086	0.085	0.087	0.087	0.087	0.088	0.088	0.084	0.08	0.082	0.087	0.088	0.087	0.086	0.098	0.087	0.088	0.087	0.087	0.084	0.084	0.084	0.088	0.086	0.088	0.088	0.088	0.087	0.086	0.085	0.085	0.108	0.079	0.085	0.089	0.087	0.087	0.086	0.087	0.087	0.086	0.086	0.086	0.083	0.077	0.084	0.088	0.088	0.088	0.086	0.087	0.086	0.087	0.086	0.086	0.081	0.079	0.082	0.079	0.08	0.079	0.079	0.079	0.081	0.08	0.079	0.08	0.079	0.08
0.081	0.079	0.08	0.079	0.079	0.079	0.08	0.081	0.081	0.081	0.082	0.081	0.079	0.089	0.088	0.086	0.084	0.088	0.088	0.087	0.087	0.089	0.086	0.082	0.083	0.09	0.088	0.087	0.085	0.087	0.088	0.087	0.088	0.088	0.085	0.081	0.082	0.088	0.089	0.088	0.086	0.096	0.087	0.089	0.087	0.087	0.084	0.084	0.084	0.089	0.087	0.089	0.088	0.088	0.087	0.087	0.085	0.085	0.09	0.079	0.084	0.091	0.087	0.088	0.086	0.087	0.087	0.087	0.086	0.086	0.083	0.077	0.084	0.089	0.088	0.089	0.086	0.087	0.087	0.088	0.086	0.086	0.081	0.079	0.082	0.079	0.081	0.079	0.079	0.079	0.08	0.08	0.08	0.08	0.08	0.08
0.081	0.079	0.081	0.079	0.079	0.08	0.081	0.081	0.081	0.082	0.082	0.082	0.079	0.092	0.088	0.088	0.084	0.088	0.088	0.088	0.087	0.089	0.086	0.082	0.082	0.093	0.088	0.09	0.086	0.087	0.088	0.087	0.088	0.088	0.085	0.08	0.082	0.092	0.089	0.09	0.086	0.092	0.087	0.089	0.088	0.087	0.084	0.084	0.084	0.092	0.087	0.092	0.089	0.088	0.088	0.088	0.086	0.086	0.172	0.079	0.084	0.093	0.087	0.091	0.087	0.087	0.087	0.088	0.086	0.086	0.083	0.078	0.084	0.092	0.088	0.092	0.087	0.087	0.087	0.088	0.086	0.086	0.081	0.079	0.082	0.079	0.079	0.079	0.079	0.079	0.081	0.08	0.079	0.08	0.079	0.08
0.081	0.079	0.08	0.079	0.08	0.08	0.08	0.081	0.082	0.081	0.082	0.082	0.08	0.098	0.089	0.092	0.085	0.088	0.088	0.088	0.088	0.09	0.086	0.082	0.083	0.099	0.088	0.094	0.086	0.088	0.088	0.088	0.088	0.088	0.085	0.08	0.082	0.097	0.09	0.095	0.087	0.098	0.088	0.089	0.088	0.088	0.084	0.084	0.084	0.098	0.087	0.098	0.089	0.088	0.088	0.089	0.086	0.086	0.121	0.079	0.085	0.099	0.088	0.096	0.087	0.087	0.087	0.089	0.086	0.087	0.083	0.078	0.084	0.098	0.089	0.098	0.087	0.089	0.087	0.09	0.087	0.087	0.081	0.08	0.082	0.079	0.079	0.079	0.079	0.079	0.081	0.08	0.08	0.08	0.08	0.08
0.081	0.08	0.081	0.079	0.079	0.08	0.081	0.081	0.081	0.081	0.082	0.082	0.08	0.106	0.089	0.098	0.085	0.089	0.088	0.088	0.088	0.09	0.086	0.083	0.082	0.107	0.089	0.101	0.086	0.088	0.089	0.088	0.089	0.089	0.085	0.08	0.082	0.106	0.09	0.101	0.087	0.099	0.088	0.09	0.088	0.088	0.084	0.084	0.084	0.106	0.088	0.106	0.089	0.089	0.088	0.09	0.086	0.086	0.101	0.079	0.085	0.107	0.088	0.105	0.087	0.087	0.088	0.09	0.086	0.087	0.083	0.078	0.084	0.105	0.089	0.107	0.087	0.088	0.087	0.092	0.087	0.087	0.082	0.079	0.082	0.079	0.08	0.079	0.079	0.079	0.081	0.08	0.08	0.079	0.079	0.08
0.081	0.08	0.081	0.079	0.079	0.079	0.079	0.081	0.081	0.081	0.082	0.082	0.08	0.12	0.089	0.108	0.085	0.089	0.089	0.088	0.088	0.09	0.086	0.082	0.082	0.122	0.089	0.111	0.087	0.088	0.089	0.088	0.089	0.089	0.085	0.081	0.082	0.12	0.09	0.111	0.087	0.098	0.089	0.09	0.089	0.088	0.084	0.084	0.084	0.119	0.088	0.119	0.09	0.089	0.089	0.092	0.086	0.086	0.088	0.079	0.085	0.12	0.088	0.118	0.088	0.088	0.088	0.092	0.087	0.087	0.083	0.078	0.084	0.118	0.09	0.121	0.088	0.088	0.088	0.094	0.087	0.087	0.082	0.079	0.083	0.079	0.08	0.079	0.079	0.079	0.081	0.08	0.079	0.079	0.079	0.08
0.081	0.08	0.081	0.08	0.079	0.08	0.08	0.081	0.081	0.081	0.083	0.082	0.08	0.141	0.089	0.123	0.086	0.089	0.089	0.088	0.088	0.09	0.086	0.082	0.082	0.144	0.089	0.128	0.087	0.088	0.089	0.089	0.089	0.089	0.085	0.08	0.082	0.141	0.091	0.127	0.087	0.099	0.089	0.09	0.089	0.088	0.084	0.084	0.084	0.139	0.088	0.139	0.09	0.089	0.089	0.095	0.087	0.087	0.085	0.079	0.085	0.139	0.089	0.138	0.088	0.088	0.088	0.095	0.087	0.087	0.083	0.078	0.084	0.137	0.09	0.142	0.088	0.089	0.088	0.096	0.087	0.087	0.082	0.079	0.082	0.079	0.08	0.079	0.079	0.079	0.081	0.08	0.08	0.08	0.079	0.08
0.082	0.08	0.081	0.08	0.08	0.08	0.081	0.081	0.081	0.081	0.082	0.082	0.08	0.175	0.09	0.146	0.086	0.089	0.089	0.089	0.088	0.09	0.086	0.082	0.082	0.177	0.09	0.154	0.087	0.089	0.089	0.089	0.089	0.089	0.084	0.081	0.082	0.175	0.091	0.152	0.088	0.1	0.089	0.091	0.089	0.088	0.084	0.084	0.084	0.171	0.088	0.172	0.09	0.09	0.089	0.101	0.087	0.087	0.084	0.079	0.085	0.168	0.089	0.169	0.088	0.089	0.089	0.1	0.088	0.088	0.083	0.078	0.084	0.167	0.09	0.175	0.089	0.089	0.088	0.101	0.088	0.088	0.082	0.079	0.082	0.079	0.079	0.079	0.079	0.079	0.081	0.08	0.08	0.08	0.08	0.08
0.081	0.08	0.081	0.079	0.079	0.079	0.08	0.081	0.081	0.081	0.082	0.082	0.08	0.205	0.09	0.183	0.086	0.09	0.089	0.089	0.088	0.09	0.086	0.082	0.082	0.209	0.09	0.193	0.087	0.089	0.089	0.09	0.089	0.089	0.084	0.081	0.082	0.207	0.091	0.189	0.088	0.1	0.089	0.091	0.089	0.089	0.084	0.084	0.084	0.203	0.089	0.202	0.09	0.09	0.089	0.108	0.087	0.087	0.085	0.079	0.085	0.201	0.089	0.198	0.088	0.089	0.089	0.108	0.088	0.088	0.083	0.078	0.084	0.201	0.09	0.208	0.089	0.089	0.089	0.108	0.088	0.088	0.082	0.079	0.083	0.079	0.08	0.079	0.079	0.079	0.08	0.08	0.08	0.08	0.079	0.08
0.081	0.08	0.081	0.08	0.08	0.079	0.08	0.081	0.081	0.082	0.082	0.082	0.08	0.247	0.09	0.214	0.086	0.089	0.089	0.09	0.088	0.09	0.086	0.082	0.082	0.25	0.089	0.227	0.087	0.089	0.089	0.09	0.09	0.089	0.085	0.081	0.082	0.245	0.091	0.221	0.088	0.099	0.089	0.092	0.089	0.089	0.085	0.084	0.084	0.245	0.089	0.242	0.09	0.09	0.089	0.12	0.087	0.087	0.128	0.079	0.085	0.241	0.089	0.24	0.089	0.089	0.089	0.118	0.088	0.088	0.083	0.078	0.084	0.24	0.09	0.251	0.089	0.089	0.089	0.122	0.088	0.088	0.082	0.079	0.083	0.079	0.08	0.079	0.079	0.079	0.08	0.08	0.08	0.08	0.079	0.08
0.081	0.079	0.081	0.08	0.079	0.08	0.08	0.081	0.081	0.081	0.083	0.082	0.08	0.308	0.09	0.259	0.086	0.09	0.09	0.09	0.088	0.09	0.086	0.082	0.082	0.314	0.09	0.275	0.087	0.089	0.089	0.091	0.089	0.089	0.085	0.08	0.082	0.302	0.091	0.265	0.088	0.1	0.089	0.092	0.089	0.089	0.086	0.084	0.084	0.304	0.089	0.299	0.09	0.09	0.09	0.139	0.087	0.087	0.128	0.079	0.085	0.296	0.089	0.293	0.089	0.089	0.089	0.135	0.088	0.088	0.083	0.078	0.084	0.291	0.09	0.303	0.089	0.09	0.089	0.141	0.088	0.088	0.082	0.079	0.083	0.079	0.08	0.079	0.079	0.079	0.08	0.08	0.08	0.08	0.08	0.08
0.081	0.08	0.081	0.08	0.08	0.079	0.08	0.081	0.081	0.081	0.083	0.082	0.079	0.369	0.09	0.318	0.086	0.09	0.09	0.091	0.088	0.09	0.086	0.082	0.082	0.371	0.09	0.336	0.087	0.089	0.089	0.092	0.089	0.089	0.085	0.08	0.082	0.369	0.091	0.329	0.088	0.1	0.089	0.094	0.089	0.089	0.089	0.084	0.084	0.362	0.089	0.356	0.09	0.09	0.09	0.173	0.087	0.087	0.153	0.079	0.085	0.355	0.09	0.345	0.089	0.089	0.089	0.164	0.088	0.088	0.083	0.077	0.084	0.356	0.091	0.359	0.089	0.089	0.089	0.172	0.088	0.088	0.082	0.079	0.083	0.079	0.08	0.079	0.079	0.08	0.081	0.08	0.08	0.079	0.079	0.08
0.081	0.08	0.081	0.079	0.079	0.079	0.08	0.081	0.081	0.081	0.082	0.082	0.08	0.44	0.091	0.379	0.086	0.09	0.09	0.093	0.089	0.09	0.086	0.082	0.082	0.446	0.09	0.407	0.087	0.089	0.09	0.095	0.09	0.089	0.085	0.081	0.082	0.438	0.091	0.392	0.088	0.1	0.089	0.096	0.089	0.089	0.095	0.084	0.084	0.439	0.089	0.422	0.09	0.09	0.09	0.201	0.087	0.087	0.211	0.079	0.085	0.425	0.089	0.409	0.089	0.089	0.089	0.197	0.088	0.088	0.083	0.078	0.084	0.42	0.09	0.422	0.089	0.09	0.089	0.2	0.088	0.088	0.082	0.08	0.083	0.079	0.08	0.079	0.079	0.079	0.08	0.08	0.079	0.079	0.079	0.08
0.081	0.08	0.081	0.08	0.079	0.079	0.079	0.081	0.081	0.081	0.083	0.082	0.08	0.501	0.091	0.456	0.086	0.09	0.09	0.096	0.088	0.09	0.086	0.082	0.082	0.508	0.09	0.483	0.087	0.089	0.09	0.098	0.089	0.089	0.085	0.08	0.082	0.499	0.092	0.464	0.088	0.099	0.089	0.1	0.089	0.089	0.118	0.084	0.084	0.496	0.089	0.485	0.09	0.09	0.09	0.241	0.087	0.087	0.103	0.079	0.085	0.489	0.09	0.469	0.089	0.089	0.089	0.233	0.088	0.088	0.083	0.077	0.084	0.478	0.091	0.49	0.089	0.09	0.089	0.238	0.088	0.088	0.082	0.079	0.082	0.079	0.08	0.079	0.079	0.079	0.08	0.08	0.079	0.08	0.079	0.08
0.081	0.08	0.081	0.08	0.079	0.079	0.08	0.081	0.081	0.081	0.083	0.082	0.079	0.547	0.091	0.523	0.086	0.09	0.09	0.1	0.089	0.091	0.086	0.082	0.082	0.55	0.091	0.538	0.087	0.089	0.09	0.102	0.089	0.089	0.084	0.08	0.082	0.546	0.092	0.522	0.088	0.096	0.089	0.105	0.089	0.089	0.12	0.084	0.084	0.54	0.09	0.537	0.091	0.09	0.09	0.29	0.087	0.087	0.095	0.079	0.084	0.536	0.091	0.521	0.089	0.089	0.089	0.281	0.088	0.088	0.083	0.077	0.084	0.528	0.091	0.547	0.089	0.09	0.089	0.279	0.088	0.088	0.082	0.079	0.082	0.079	0.08	0.079	0.079	0.079	0.08	0.08	0.08	0.08	0.079	0.08
0.081	0.08	0.081	0.08	0.079	0.079	0.08	0.081	0.081	0.081	0.083	0.082	0.08	0.586	0.092	0.562	0.086	0.09	0.09	0.108	0.089	0.091	0.086	0.082	0.082	0.587	0.092	0.579	0.088	0.089	0.09	0.11	0.089	0.09	0.085	0.081	0.082	0.584	0.093	0.569	0.088	0.1	0.09	0.113	0.089	0.089	0.149	0.084	0.084	0.583	0.091	0.577	0.091	0.09	0.09	0.335	0.087	0.088	0.166	0.079	0.085	0.575	0.091	0.562	0.089	0.089	0.089	0.32	0.088	0.088	0.083	0.078	0.084	0.569	0.092	0.585	0.089	0.09	0.089	0.331	0.088	0.088	0.082	0.08	0.082	0.079	0.08	0.079	0.079	0.079	0.081	0.08	0.08	0.08	0.079	0.08
0.081	0.08	0.081	0.08	0.079	0.08	0.08	0.081	0.081	0.081	0.083	0.082	0.079	0.618	0.093	0.596	0.087	0.091	0.09	0.118	0.089	0.091	0.086	0.082	0.082	0.622	0.093	0.601	0.088	0.089	0.09	0.124	0.09	0.089	0.085	0.081	0.082	0.614	0.095	0.597	0.088	0.101	0.09	0.126	0.089	0.089	0.132	0.085	0.084	0.614	0.093	0.607	0.091	0.09	0.09	0.395	0.087	0.087	0.191	0.079	0.085	0.605	0.093	0.592	0.089	0.089	0.089	0.387	0.088	0.088	0.083	0.078	0.084	0.601	0.094	0.609	0.09	0.091	0.089	0.393	0.088	0.089	0.082	0.08	0.082	0.079	0.08	0.079	0.079	0.079	0.08	0.08	0.08	0.079	0.079	0.08
0.081	0.08	0.08	0.08	0.079	0.08	0.08	0.081	0.081	0.081	0.082	0.082	0.08	0.648	0.095	0.626	0.087	0.091	0.091	0.137	0.089	0.091	0.086	0.082	0.082	0.653	0.095	0.635	0.088	0.09	0.091	0.146	0.09	0.09	0.085	0.08	0.082	0.643	0.097	0.629	0.089	0.101	0.09	0.144	0.089	0.089	0.13	0.084	0.084	0.641	0.096	0.634	0.091	0.09	0.09	0.447	0.087	0.087	0.156	0.079	0.085	0.635	0.097	0.618	0.089	0.09	0.09	0.439	0.088	0.089	0.083	0.077	0.084	0.627	0.097	0.626	0.09	0.09	0.089	0.444	0.088	0.088	0.082	0.079	0.083	0.079	0.08	0.079	0.079	0.079	0.08	0.08	0.08	0.079	0.079	0.08
0.081	0.08	0.081	0.08	0.079	0.08	0.08	0.081	0.081	0.081	0.082	0.082	0.08	0.674	0.098	0.658	0.088	0.091	0.091	0.164	0.089	0.091	0.086	0.082	0.082	0.676	0.099	0.662	0.089	0.09	0.091	0.178	0.09	0.09	0.085	0.08	0.082	0.668	0.101	0.657	0.09	0.101	0.091	0.177	0.09	0.09	0.141	0.085	0.084	0.667	0.101	0.651	0.092	0.091	0.091	0.487	0.087	0.088	0.193	0.079	0.085	0.661	0.101	0.647	0.09	0.09	0.09	0.48	0.088	0.089	0.083	0.078	0.084	0.649	0.101	0.649	0.091	0.09	0.09	0.489	0.088	0.089	0.082	0.079	0.083	0.079	0.08	0.079	0.079	0.079	0.081	0.08	0.08	0.079	0.079	0.08
0.081	0.08	0.081	0.08	0.079	0.079	0.08	0.081	0.081	0.081	0.083	0.082	0.08	0.687	0.103	0.683	0.089	0.093	0.092	0.198	0.089	0.092	0.086	0.082	0.082	0.691	0.104	0.687	0.09	0.091	0.092	0.213	0.09	0.091	0.085	0.08	0.082	0.681	0.106	0.683	0.091	0.103	0.092	0.213	0.09	0.09	0.146	0.084	0.084	0.681	0.106	0.673	0.093	0.091	0.091	0.519	0.087	0.088	0.18	0.079	0.085	0.678	0.107	0.667	0.091	0.09	0.09	0.515	0.088	0.089	0.083	0.078	0.084	0.669	0.106	0.668	0.091	0.091	0.09	0.52	0.088	0.089	0.082	0.079	0.083	0.079	0.08	0.079	0.079	0.08	0.08	0.08	0.08	0.08	0.079	0.08
0.081	0.08	0.081	0.08	0.079	0.079	0.079	0.081	0.081	0.081	0.082	0.082	0.08	0.704	0.11	0.703	0.09	0.094	0.094	0.243	0.09	0.093	0.086	0.082	0.082	0.705	0.112	0.701	0.092	0.093	0.094	0.259	0.091	0.092	0.085	0.08	0.082	0.699	0.115	0.695	0.093	0.104	0.093	0.253	0.091	0.091	0.134	0.084	0.084	0.699	0.117	0.689	0.095	0.092	0.092	0.551	0.087	0.088	0.185	0.079	0.085	0.696	0.116	0.683	0.092	0.091	0.091	0.548	0.088	0.089	0.083	0.078	0.084	0.687	0.115	0.681	0.093	0.092	0.091	0.555	0.088	0.089	0.082	0.079	0.083	0.079	0.079	0.079	0.079	0.079	0.081	0.08	0.08	0.08	0.079	0.08
0.081	0.08	0.081	0.08	0.08	0.079	0.079	0.081	0.081	0.081	0.082	0.082	0.079	0.718	0.121	0.71	0.094	0.097	0.097	0.29	0.091	0.094	0.086	0.082	0.082	0.716	0.123	0.709	0.095	0.096	0.097	0.314	0.092	0.094	0.085	0.08	0.082	0.709	0.128	0.711	0.095	0.107	0.096	0.31	0.091	0.093	0.159	0.083	0.084	0.713	0.133	0.704	0.097	0.093	0.094	0.576	0.087	0.088	0.244	0.079	0.085	0.711	0.132	0.697	0.095	0.093	0.092	0.566	0.088	0.09	0.084	0.078	0.084	0.694	0.128	0.702	0.095	0.093	0.092	0.585	0.088	0.09	0.082	0.079	0.083	0.079	0.079	0.079	0.079	0.079	0.08	0.08	0.079	0.08	0.079	0.08
0.081	0.08	0.081	0.08	0.079	0.079	0.079	0.081	0.081	0.081	0.083	0.082	0.08	0.726	0.138	0.724	0.097	0.101	0.1	0.349	0.092	0.097	0.086	0.082	0.082	0.727	0.143	0.721	0.1	0.1	0.102	0.368	0.094	0.097	0.085	0.081	0.082	0.723	0.15	0.725	0.1	0.112	0.1	0.369	0.093	0.096	0.14	0.084	0.084	0.723	0.16	0.708	0.101	0.096	0.096	0.601	0.088	0.089	0.182	0.079	0.085	0.726	0.158	0.714	0.099	0.096	0.095	0.588	0.088	0.091	0.084	0.077	0.084	0.71	0.151	0.715	0.1	0.096	0.095	0.603	0.089	0.09	0.082	0.079	0.083	0.079	0.08	0.079	0.079	0.079	0.081	0.08	0.079	0.08	0.079	0.08
0.081	0.08	0.081	0.08	0.079	0.08	0.08	0.081	0.081	0.081	0.082	0.082	0.08	0.74	0.166	0.739	0.105	0.107	0.106	0.412	0.094	0.1	0.086	0.082	0.082	0.739	0.173	0.734	0.106	0.108	0.108	0.428	0.097	0.102	0.085	0.08	0.082	0.735	0.183	0.739	0.108	0.116	0.106	0.429	0.096	0.1	0.146	0.084	0.084	0.735	0.198	0.721	0.108	0.099	0.101	0.622	0.088	0.09	0.245	0.079	0.085	0.739	0.188	0.724	0.105	0.099	0.098	0.61	0.089	0.092	0.084	0.078	0.084	0.723	0.183	0.724	0.106	0.099	0.099	0.621	0.089	0.091	0.082	0.079	0.082	0.079	0.08	0.079	0.079	0.079	0.08	0.08	0.08	0.079	0.079	0.08
0.081	0.08	0.081	0.08	0.08	0.079	0.08	0.081	0.081	0.081	0.083	0.082	0.08	0.752	0.192	0.751	0.116	0.116	0.115	0.466	0.098	0.106	0.086	0.082	0.082	0.754	0.2	0.747	0.119	0.119	0.12	0.483	0.101	0.11	0.085	0.08	0.082	0.75	0.205	0.747	0.121	0.128	0.117	0.485	0.101	0.108	0.177	0.084	0.084	0.75	0.222	0.734	0.12	0.104	0.108	0.641	0.089	0.092	0.201	0.079	0.106	0.753	0.222	0.732	0.116	0.105	0.105	0.631	0.09	0.095	0.084	0.078	0.084	0.736	0.209	0.729	0.117	0.106	0.104	0.639	0.09	0.092	0.082	0.079	0.083	0.079	0.08	0.079	0.079	0.079	0.08	0.08	0.08	0.079	0.079	0.08
0.081	0.08	0.08	0.079	0.079	0.079	0.08	0.081	0.081	0.081	0.082	0.082	0.08	0.766	0.231	0.757	0.134	0.134	0.132	0.504	0.103	0.116	0.086	0.082	0.082	0.767	0.24	0.757	0.14	0.139	0.139	0.513	0.108	0.121	0.085	0.08	0.082	0.762	0.256	0.76	0.142	0.149	0.134	0.521	0.107	0.119	0.142	0.084	0.084	0.762	0.279	0.742	0.138	0.114	0.118	0.659	0.09	0.096	0.261	0.079	0.11	0.765	0.27	0.74	0.131	0.115	0.113	0.647	0.092	0.098	0.084	0.077	0.084	0.746	0.256	0.739	0.133	0.113	0.115	0.655	0.092	0.095	0.082	0.079	0.083	0.079	0.08	0.079	0.079	0.079	0.081	0.08	0.08	0.08	0.079	0.08
0.081	0.08	0.081	0.08	0.079	0.079	0.079	0.081	0.086	0.081	0.083	0.082	0.08	0.773	0.284	0.77	0.164	0.159	0.161	0.54	0.112	0.131	0.086	0.082	0.082	0.774	0.3	0.771	0.172	0.171	0.173	0.541	0.12	0.139	0.085	0.081	0.082	0.771	0.311	0.773	0.175	0.182	0.162	0.555	0.118	0.138	0.173	0.084	0.084	0.77	0.341	0.75	0.168	0.127	0.134	0.672	0.092	0.101	0.231	0.079	0.11	0.774	0.329	0.747	0.158	0.13	0.126	0.66	0.096	0.104	0.084	0.078	0.084	0.754	0.317	0.747	0.161	0.129	0.128	0.671	0.094	0.099	0.082	0.079	0.083	0.079	0.08	0.079	0.079	0.079	0.08	0.08	0.08	0.08	0.079	0.08
0.081	0.08	0.081	0.079	0.079	0.079	0.08	0.081	0.084	0.081	0.083	0.082	0.08	0.785	0.332	0.781	0.198	0.196	0.195	0.568	0.126	0.156	0.086	0.082	0.082	0.784	0.339	0.781	0.207	0.204	0.206	0.572	0.137	0.171	0.085	0.08	0.082	0.781	0.354	0.784	0.206	0.211	0.191	0.582	0.135	0.168	0.215	0.084	0.084	0.78	0.37	0.76	0.199	0.15	0.163	0.685	0.096	0.109	0.262	0.079	0.112	0.783	0.365	0.756	0.197	0.162	0.151	0.674	0.1	0.113	0.084	0.078	0.084	0.766	0.352	0.754	0.193	0.151	0.154	0.683	0.098	0.104	0.082	0.079	0.083	0.08	0.08	0.079	0.079	0.079	0.081	0.08	0.08	0.079	0.08	0.08
0.081	0.08	0.08	0.079	0.08	0.079	0.079	0.081	0.082	0.081	0.082	0.082	0.08	0.791	0.38	0.791	0.234	0.238	0.233	0.588	0.149	0.184	0.086	0.082	0.082	0.793	0.385	0.793	0.248	0.248	0.248	0.593	0.167	0.201	0.085	0.081	0.082	0.79	0.401	0.789	0.245	0.25	0.23	0.603	0.162	0.196	0.194	0.084	0.084	0.788	0.423	0.768	0.242	0.186	0.195	0.694	0.101	0.123	0.222	0.079	0.115	0.792	0.421	0.763	0.233	0.193	0.18	0.685	0.107	0.128	0.084	0.078	0.084	0.773	0.4	0.764	0.237	0.188	0.19	0.695	0.106	0.114	0.082	0.08	0.083	0.08	0.08	0.079	0.079	0.079	0.081	0.08	0.08	0.08	0.079	0.08
0.081	0.08	0.081	0.079	0.08	0.079	0.081	0.081	0.088	0.081	0.083	0.082	0.08	0.804	0.435	0.799	0.287	0.287	0.276	0.61	0.177	0.219	0.086	0.082	0.082	0.804	0.433	0.801	0.304	0.3	0.302	0.613	0.198	0.241	0.085	0.08	0.082	0.8	0.46	0.8	0.304	0.312	0.289	0.619	0.195	0.236	0.159	0.084	0.084	0.797	0.478	0.779	0.292	0.221	0.236	0.703	0.111	0.148	0.229	0.079	0.116	0.8	0.48	0.772	0.288	0.231	0.218	0.695	0.118	0.152	0.084	0.078	0.084	0.781	0.455	0.772	0.287	0.224	0.224	0.705	0.113	0.129	0.082	0.08	0.083	0.079	0.079	0.079	0.079	0.079	0.081	0.08	0.08	0.08	0.08	0.08
0.081	0.081	0.08	0.079	0.079	0.08	0.079	0.081	0.087	0.081	0.083	0.082	0.08	0.816	0.5	0.81	0.346	0.346	0.335	0.63	0.212	0.268	0.086	0.082	0.082	0.816	0.504	0.813	0.359	0.355	0.355	0.631	0.238	0.294	0.085	0.081	0.082	0.81	0.516	0.814	0.354	0.36	0.338	0.636	0.231	0.288	0.191	0.084	0.084	0.806	0.524	0.788	0.345	0.267	0.286	0.713	0.122	0.177	0.283	0.079	0.103	0.808	0.524	0.779	0.338	0.289	0.275	0.705	0.144	0.19	0.084	0.078	0.084	0.792	0.507	0.779	0.335	0.275	0.274	0.716	0.13	0.152	0.082	0.08	0.082	0.079	0.079	0.079	0.079	0.079	0.08	0.08	0.08	0.079	0.079	0.08
0.081	0.081	0.081	0.08	0.079	0.079	0.079	0.081	0.087	0.082	0.083	0.082	0.08	0.823	0.543	0.818	0.414	0.414	0.395	0.647	0.257	0.318	0.086	0.082	0.082	0.826	0.548	0.823	0.422	0.42	0.419	0.647	0.286	0.345	0.085	0.081	0.082	0.824	0.561	0.827	0.422	0.42	0.402	0.653	0.284	0.341	0.18	0.084	0.084	0.823	0.572	0.796	0.413	0.326	0.344	0.724	0.148	0.21	0.261	0.079	0.116	0.818	0.57	0.788	0.402	0.332	0.32	0.716	0.17	0.225	0.084	0.078	0.084	0.801	0.555	0.786	0.405	0.329	0.329	0.725	0.157	0.189	0.082	0.079	0.083	0.079	0.08	0.079	0.079	0.08	0.08	0.08	0.079	0.08	0.08	0.08
0.081	0.08	0.081	0.079	0.079	0.079	0.079	0.081	0.087	0.082	0.083	0.082	0.079	0.829	0.587	0.826	0.466	0.465	0.448	0.665	0.307	0.375	0.086	0.082	0.082	0.831	0.581	0.831	0.475	0.477	0.47	0.662	0.344	0.408	0.085	0.081	0.082	0.828	0.595	0.837	0.476	0.476	0.456	0.666	0.338	0.4	0.198	0.083	0.084	0.829	0.604	0.805	0.47	0.385	0.407	0.734	0.182	0.256	0.214	0.079	0.111	0.826	0.601	0.797	0.46	0.401	0.374	0.725	0.204	0.274	0.084	0.078	0.084	0.813	0.591	0.794	0.455	0.387	0.387	0.734	0.188	0.227	0.082	0.079	0.083	0.079	0.08	0.079	0.079	0.079	0.08	0.08	0.08	0.08	0.079	0.08
0.081	0.08	0.08	0.079	0.079	0.079	0.08	0.081	0.082	0.082	0.083	0.082	0.08	0.833	0.615	0.834	0.505	0.516	0.493	0.679	0.368	0.432	0.086	0.082	0.082	0.835	0.619	0.837	0.509	0.516	0.505	0.678	0.401	0.458	0.085	0.081	0.082	0.832	0.621	0.842	0.513	0.511	0.496	0.683	0.402	0.455	0.182	0.084	0.084	0.836	0.625	0.817	0.499	0.445	0.457	0.742	0.218	0.316	0.217	0.079	0.106	0.832	0.618	0.808	0.497	0.462	0.438	0.733	0.249	0.321	0.084	0.078	0.084	0.816	0.62	0.801	0.495	0.444	0.439	0.744	0.234	0.271	0.082	0.08	0.083	0.08	0.08	0.079	0.079	0.079	0.081	0.08	0.08	0.08	0.079	0.08
0.081	0.08	0.081	0.079	0.079	0.079	0.08	0.081	0.088	0.082	0.083	0.082	0.08	0.831	0.639	0.832	0.541	0.551	0.528	0.692	0.418	0.472	0.086	0.082	0.082	0.834	0.642	0.832	0.546	0.546	0.537	0.691	0.456	0.496	0.085	0.08	0.082	0.828	0.644	0.835	0.547	0.549	0.526	0.696	0.45	0.491	0.21	0.083	0.084	0.833	0.64	0.817	0.537	0.496	0.49	0.752	0.262	0.37	0.282	0.079	0.105	0.826	0.642	0.807	0.531	0.502	0.484	0.742	0.302	0.384	0.084	0.078	0.084	0.813	0.632	0.806	0.526	0.494	0.476	0.752	0.282	0.328	0.082	0.079	0.083	0.079	0.079	0.079	0.079	0.079	0.08	0.08	0.08	0.079	0.079	0.08
0.081	0.08	0.081	0.08	0.079	0.079	0.08	0.081	0.084	0.081	0.083	0.082	0.08	0.827	0.659	0.826	0.568	0.583	0.557	0.702	0.464	0.509	0.086	0.082	0.082	0.828	0.65	0.828	0.571	0.576	0.563	0.7	0.491	0.529	0.085	0.08	0.082	0.822	0.657	0.831	0.576	0.58	0.559	0.706	0.483	0.527	0.158	0.084	0.084	0.826	0.656	0.816	0.563	0.539	0.533	0.764	0.317	0.437	0.251	0.079	0.108	0.824	0.659	0.806	0.56	0.536	0.52	0.756	0.351	0.441	0.084	0.078	0.084	0.809	0.651	0.806	0.555	0.531	0.516	0.759	0.335	0.402	0.082	0.08	0.083	0.08	0.08	0.079	0.079	0.079	0.081	0.08	0.08	0.079	0.079	0.08
0.081	0.08	0.08	0.079	0.08	0.079	0.079	0.081	0.088	0.081	0.083	0.082	0.08	0.822	0.675	0.822	0.593	0.612	0.581	0.71	0.504	0.542	0.086	0.082	0.082	0.821	0.668	0.82	0.596	0.599	0.587	0.708	0.524	0.559	0.085	0.08	0.082	0.817	0.674	0.825	0.599	0.6	0.583	0.716	0.525	0.551	0.187	0.083	0.084	0.82	0.674	0.815	0.588	0.567	0.557	0.775	0.377	0.482	0.262	0.079	0.102	0.816	0.681	0.804	0.585	0.571	0.549	0.768	0.42	0.487	0.084	0.077	0.084	0.804	0.669	0.802	0.579	0.562	0.543	0.771	0.398	0.452	0.082	0.079	0.082	0.079	0.079	0.079	0.079	0.079	0.081	0.08	0.08	0.08	0.079	0.08
0.081	0.08	0.08	0.079	0.079	0.079	0.079	0.081	0.087	0.082	0.083	0.082	0.08	0.815	0.691	0.816	0.618	0.629	0.605	0.719	0.538	0.567	0.086	0.082	0.082	0.817	0.685	0.818	0.621	0.623	0.609	0.712	0.555	0.582	0.085	0.08	0.082	0.811	0.693	0.821	0.623	0.615	0.606	0.72	0.556	0.576	0.169	0.084	0.084	0.814	0.691	0.81	0.611	0.596	0.582	0.779	0.436	0.521	0.247	0.079	0.105	0.813	0.695	0.799	0.608	0.597	0.576	0.786	0.471	0.531	0.084	0.078	0.084	0.802	0.686	0.799	0.599	0.589	0.568	0.779	0.45	0.503	0.082	0.079	0.082	0.08	0.08	0.079	0.079	0.079	0.08	0.08	0.08	0.079	0.079	0.08
0.081	0.08	0.081	0.08	0.079	0.079	0.08	0.081	0.086	0.082	0.083	0.082	0.08	0.81	0.704	0.811	0.63	0.654	0.623	0.723	0.565	0.59	0.086	0.082	0.082	0.812	0.694	0.81	0.637	0.644	0.628	0.72	0.577	0.605	0.085	0.081	0.082	0.806	0.702	0.814	0.635	0.638	0.622	0.729	0.58	0.599	0.195	0.084	0.084	0.809	0.701	0.802	0.63	0.621	0.604	0.784	0.485	0.551	0.206	0.079	0.099	0.806	0.708	0.797	0.629	0.618	0.596	0.795	0.507	0.564	0.084	0.078	0.084	0.794	0.698	0.793	0.622	0.611	0.589	0.784	0.488	0.536	0.082	0.079	0.082	0.079	0.08	0.079	0.079	0.079	0.08	0.08	0.079	0.08	0.08	0.08
0.081	0.08	0.081	0.08	0.079	0.079	0.08	0.081	0.088	0.082	0.083	0.082	0.08	0.806	0.717	0.806	0.648	0.675	0.641	0.729	0.588	0.609	0.086	0.082	0.082	0.806	0.71	0.807	0.648	0.658	0.641	0.725	0.6	0.626	0.085	0.081	0.082	0.801	0.715	0.809	0.654	0.659	0.638	0.737	0.601	0.617	0.215	0.084	0.084	0.805	0.714	0.8	0.646	0.643	0.623	0.79	0.52	0.577	0.233	0.079	0.101	0.801	0.722	0.79	0.646	0.641	0.618	0.802	0.541	0.587	0.084	0.078	0.084	0.792	0.71	0.791	0.638	0.634	0.61	0.79	0.518	0.559	0.082	0.079	0.083	0.079	0.08	0.079	0.079	0.079	0.08	0.08	0.08	0.08	0.079	0.08
0.081	0.08	0.08	0.079	0.079	0.08	0.079	0.081	0.088	0.082	0.083	0.082	0.08	0.798	0.727	0.8	0.666	0.687	0.657	0.736	0.611	0.628	0.086	0.082	0.082	0.802	0.722	0.799	0.667	0.673	0.657	0.732	0.619	0.642	0.085	0.081	0.082	0.797	0.729	0.805	0.671	0.676	0.651	0.745	0.62	0.638	0.205	0.084	0.084	0.798	0.728	0.792	0.653	0.655	0.628	0.793	0.547	0.6	0.231	0.079	0.1	0.794	0.73	0.787	0.661	0.657	0.635	0.808	0.567	0.609	0.084	0.078	0.084	0.788	0.721	0.783	0.647	0.652	0.623	0.798	0.547	0.59	0.082	0.079	0.083	0.079	0.08	0.079	0.079	0.08	0.08	0.08	0.08	0.079	0.079	0.08
0.08	0.08	0.08	0.079	0.08	0.079	0.079	0.081	0.081	0.082	0.083	0.082	0.08	0.793	0.735	0.797	0.681	0.708	0.671	0.743	0.627	0.645	0.086	0.082	0.082	0.795	0.732	0.795	0.68	0.688	0.67	0.741	0.637	0.662	0.085	0.08	0.082	0.793	0.738	0.798	0.683	0.694	0.664	0.752	0.638	0.656	0.188	0.084	0.084	0.791	0.736	0.786	0.671	0.671	0.646	0.796	0.576	0.624	0.258	0.079	0.103	0.793	0.739	0.778	0.678	0.674	0.649	0.814	0.59	0.627	0.084	0.078	0.084	0.782	0.729	0.782	0.661	0.669	0.641	0.797	0.569	0.617	0.082	0.079	0.082	0.079	0.08	0.079	0.079	0.079	0.081	0.08	0.079	0.079	0.079	0.08
0.081	0.08	0.081	0.08	0.08	0.079	0.079	0.081	0.085	0.081	0.083	0.082	0.08	0.787	0.748	0.79	0.692	0.717	0.684	0.751	0.645	0.661	0.086	0.082	0.082	0.787	0.742	0.789	0.692	0.701	0.685	0.752	0.654	0.676	0.085	0.081	0.082	0.789	0.748	0.793	0.698	0.708	0.677	0.763	0.655	0.669	0.245	0.084	0.084	0.784	0.743	0.78	0.683	0.692	0.662	0.794	0.595	0.642	0.258	0.079	0.105	0.786	0.745	0.772	0.691	0.691	0.665	0.812	0.612	0.645	0.084	0.078	0.084	0.78	0.736	0.771	0.674	0.688	0.651	0.8	0.593	0.629	0.082	0.079	0.082	0.08	0.08	0.079	0.079	0.08	0.08	0.08	0.08	0.079	0.079	0.08
0.081	0.08	0.081	0.08	0.079	0.079	0.079	0.081	0.087	0.082	0.083	0.082	0.08	0.782	0.751	0.783	0.706	0.728	0.698	0.768	0.662	0.673	0.086	0.082	0.082	0.782	0.748	0.784	0.702	0.71	0.693	0.763	0.671	0.686	0.085	0.081	0.082	0.783	0.751	0.786	0.707	0.707	0.694	0.775	0.671	0.684	0.196	0.084	0.084	0.78	0.75	0.775	0.697	0.707	0.673	0.793	0.62	0.66	0.218	0.079	0.103	0.778	0.747	0.766	0.703	0.703	0.677	0.802	0.632	0.661	0.084	0.078	0.084	0.772	0.745	0.768	0.693	0.703	0.66	0.798	0.614	0.652	0.082	0.079	0.082	0.079	0.079	0.079	0.079	0.079	0.08	0.08	0.079	0.079	0.079	0.08
0.081	0.08	0.081	0.079	0.079	0.079	0.08	0.081	0.087	0.082	0.083	0.082	0.079	0.777	0.758	0.778	0.714	0.739	0.705	0.775	0.677	0.686	0.086	0.082	0.082	0.779	0.751	0.777	0.718	0.722	0.704	0.771	0.681	0.697	0.085	0.08	0.082	0.779	0.76	0.781	0.716	0.717	0.699	0.788	0.683	0.694	0.248	0.084	0.084	0.775	0.755	0.771	0.709	0.719	0.688	0.803	0.638	0.677	0.196	0.079	0.104	0.773	0.756	0.762	0.712	0.716	0.69	0.801	0.646	0.675	0.084	0.078	0.084	0.765	0.749	0.764	0.7	0.715	0.678	0.811	0.632	0.668	0.082	0.08	0.082	0.079	0.08	0.079	0.079	0.079	0.08	0.08	0.08	0.08	0.079	0.08
0.081	0.08	0.08	0.079	0.079	0.079	0.079	0.081	0.087	0.082	0.083	0.082	0.08	0.772	0.759	0.775	0.72	0.749	0.712	0.786	0.689	0.696	0.086	0.082	0.082	0.773	0.755	0.773	0.722	0.726	0.708	0.782	0.692	0.707	0.085	0.081	0.082	0.775	0.76	0.779	0.725	0.723	0.705	0.794	0.692	0.705	0.258	0.084	0.084	0.771	0.762	0.768	0.714	0.726	0.697	0.809	0.652	0.691	0.256	0.079	0.1	0.769	0.759	0.757	0.72	0.725	0.698	0.806	0.662	0.686	0.084	0.078	0.084	0.759	0.753	0.759	0.707	0.724	0.695	0.809	0.646	0.68	0.082	0.079	0.082	0.08	0.08	0.079	0.079	0.08	0.08	0.08	0.08	0.079	0.079	0.08
0.081	0.08	0.08	0.079	0.079	0.079	0.08	0.081	0.087	0.082	0.083	0.082	0.08	0.767	0.762	0.77	0.728	0.757	0.72	0.79	0.699	0.704	0.086	0.082	0.082	0.768	0.763	0.769	0.73	0.736	0.716	0.784	0.701	0.713	0.085	0.08	0.082	0.768	0.765	0.769	0.732	0.73	0.713	0.795	0.703	0.713	0.233	0.084	0.084	0.766	0.766	0.764	0.724	0.744	0.703	0.782	0.672	0.704	0.225	0.079	0.102	0.766	0.761	0.752	0.725	0.734	0.708	0.786	0.677	0.7	0.084	0.078	0.084	0.755	0.759	0.755	0.716	0.734	0.692	0.82	0.663	0.699	0.082	0.079	0.083	0.079	0.079	0.079	0.079	0.079	0.08	0.08	0.079	0.079	0.079	0.08
0.081	0.08	0.081	0.079	0.079	0.079	0.08	0.081	0.087	0.082	0.083	0.082	0.08	0.763	0.767	0.764	0.735	0.764	0.723	0.789	0.707	0.712	0.086	0.082	0.082	0.765	0.766	0.766	0.735	0.744	0.722	0.782	0.708	0.723	0.085	0.08	0.082	0.764	0.771	0.769	0.738	0.739	0.72	0.794	0.707	0.72	0.205	0.083	0.085	0.766	0.768	0.761	0.729	0.744	0.711	0.775	0.685	0.716	0.274	0.079	0.111	0.767	0.768	0.752	0.731	0.744	0.708	0.777	0.691	0.712	0.084	0.078	0.084	0.751	0.763	0.753	0.72	0.741	0.704	0.786	0.677	0.71	0.082	0.079	0.082	0.079	0.08	0.079	0.079	0.079	0.08	0.08	0.08	0.079	0.079	0.08
0.081	0.08	0.08	0.079	0.08	0.079	0.079	0.081	0.086	0.082	0.083	0.081	0.08	0.761	0.768	0.76	0.742	0.769	0.731	0.783	0.715	0.722	0.086	0.082	0.082	0.759	0.768	0.764	0.742	0.748	0.73	0.779	0.717	0.732	0.085	0.08	0.082	0.759	0.774	0.764	0.746	0.745	0.727	0.79	0.712	0.729	0.217	0.084	0.084	0.764	0.773	0.757	0.735	0.753	0.719	0.779	0.699	0.728	0.195	0.079	0.105	0.758	0.769	0.747	0.739	0.748	0.717	0.772	0.703	0.721	0.084	0.078	0.084	0.754	0.764	0.747	0.726	0.748	0.712	0.775	0.687	0.719	0.082	0.079	0.082	0.079	0.08	0.079	0.079	0.079	0.08	0.079	0.079	0.079	0.079	0.08
0.081	0.08	0.081	0.08	0.079	0.079	0.079	0.081	0.087	0.082	0.083	0.082	0.08	0.756	0.771	0.757	0.752	0.777	0.739	0.778	0.723	0.729	0.086	0.082	0.082	0.756	0.772	0.756	0.753	0.758	0.741	0.773	0.724	0.736	0.085	0.08	0.082	0.756	0.782	0.756	0.757	0.754	0.735	0.788	0.718	0.737	0.222	0.084	0.085	0.76	0.783	0.755	0.748	0.758	0.727	0.777	0.707	0.732	0.212	0.079	0.1	0.755	0.777	0.743	0.744	0.757	0.721	0.77	0.71	0.729	0.084	0.078	0.084	0.751	0.764	0.745	0.739	0.753	0.717	0.77	0.7	0.732	0.083	0.079	0.083	0.079	0.08	0.079	0.079	0.079	0.08	0.08	0.08	0.079	0.079	0.08
0.081	0.08	0.081	0.079	0.079	0.079	0.079	0.081	0.088	0.081	0.083	0.082	0.08	0.753	0.771	0.753	0.764	0.787	0.748	0.772	0.731	0.735	0.086	0.082	0.082	0.753	0.779	0.751	0.767	0.767	0.748	0.768	0.731	0.746	0.085	0.081	0.082	0.76	0.785	0.752	0.77	0.764	0.744	0.786	0.727	0.744	0.255	0.084	0.084	0.757	0.774	0.751	0.757	0.768	0.737	0.77	0.717	0.738	0.255	0.079	0.101	0.752	0.776	0.741	0.758	0.764	0.731	0.755	0.716	0.736	0.084	0.077	0.084	0.741	0.764	0.742	0.745	0.761	0.727	0.767	0.709	0.737	0.082	0.079	0.082	0.079	0.08	0.079	0.079	0.079	0.08	0.08	0.079	0.079	0.079	0.08
0.081	0.08	0.081	0.079	0.079	0.079	0.079	0.081	0.081	0.082	0.083	0.082	0.08	0.752	0.776	0.749	0.773	0.798	0.758	0.765	0.735	0.747	0.086	0.082	0.082	0.751	0.776	0.75	0.778	0.779	0.756	0.762	0.736	0.755	0.085	0.08	0.082	0.748	0.778	0.749	0.782	0.775	0.755	0.784	0.736	0.754	0.213	0.084	0.084	0.753	0.772	0.748	0.763	0.774	0.745	0.759	0.728	0.744	0.223	0.079	0.109	0.749	0.771	0.738	0.764	0.777	0.744	0.758	0.727	0.742	0.084	0.077	0.084	0.754	0.769	0.739	0.752	0.767	0.732	0.77	0.718	0.744	0.082	0.079	0.082	0.079	0.08	0.079	0.079	0.079	0.08	0.08	0.079	0.079	0.079	0.08
0.08	0.08	0.08	0.079	0.079	0.08	0.079	0.081	0.081	0.082	0.083	0.082	0.08	0.747	0.776	0.746	0.781	0.812	0.765	0.761	0.746	0.755	0.086	0.082	0.082	0.748	0.769	0.746	0.783	0.793	0.768	0.753	0.747	0.764	0.085	0.08	0.082	0.766	0.773	0.746	0.79	0.792	0.768	0.779	0.745	0.763	0.21	0.083	0.084	0.747	0.766	0.745	0.772	0.785	0.757	0.749	0.734	0.751	0.247	0.079	0.107	0.751	0.764	0.736	0.768	0.784	0.758	0.787	0.735	0.75	0.084	0.078	0.084	0.736	0.766	0.737	0.76	0.773	0.743	0.758	0.719	0.752	0.082	0.079	0.083	0.079	0.08	0.079	0.079	0.08	0.08	0.08	0.08	0.079	0.079	0.08
0.08	0.08	0.08	0.079	0.079	0.079	0.079	0.081	0.082	0.082	0.083	0.082	0.079	0.744	0.771	0.74	0.782	0.82	0.773	0.755	0.755	0.763	0.086	0.082	0.082	0.745	0.764	0.741	0.784	0.796	0.771	0.749	0.756	0.774	0.085	0.081	0.082	0.742	0.768	0.744	0.789	0.794	0.769	0.759	0.756	0.77	0.213	0.084	0.084	0.748	0.762	0.743	0.775	0.801	0.764	0.749	0.739	0.76	0.253	0.079	0.107	0.746	0.76	0.733	0.771	0.795	0.759	0.743	0.743	0.761	0.084	0.078	0.084	0.734	0.761	0.734	0.765	0.784	0.75	0.759	0.724	0.759	0.083	0.079	0.083	0.079	0.08	0.079	0.079	0.079	0.08	0.08	0.079	0.079	0.079	0.08
0.08	0.08	0.08	0.079	0.079	0.08	0.08	0.081	0.087	0.082	0.084	0.082	0.08	0.741	0.766	0.739	0.782	0.83	0.773	0.753	0.767	0.767	0.086	0.082	0.082	0.743	0.759	0.738	0.784	0.796	0.77	0.744	0.769	0.787	0.085	0.08	0.082	0.738	0.761	0.741	0.799	0.793	0.77	0.752	0.766	0.779	0.24	0.084	0.084	0.74	0.755	0.738	0.773	0.807	0.769	0.742	0.75	0.77	0.237	0.079	0.107	0.742	0.754	0.729	0.775	0.798	0.765	0.738	0.756	0.767	0.084	0.078	0.084	0.731	0.756	0.733	0.767	0.796	0.762	0.751	0.736	0.77	0.082	0.079	0.083	0.079	0.08	0.079	0.079	0.079	0.08	0.08	0.079	0.079	0.079	0.08
0.081	0.08	0.08	0.079	0.079	0.079	0.08	0.081	0.086	0.082	0.083	0.082	0.08	0.739	0.76	0.737	0.784	0.819	0.777	0.748	0.772	0.773	0.086	0.082	0.082	0.742	0.754	0.733	0.784	0.796	0.764	0.742	0.773	0.787	0.085	0.081	0.082	0.749	0.754	0.736	0.797	0.79	0.774	0.748	0.767	0.779	0.255	0.084	0.084	0.737	0.749	0.739	0.775	0.808	0.772	0.739	0.762	0.788	0.251	0.079	0.113	0.744	0.748	0.726	0.777	0.799	0.766	0.734	0.764	0.783	0.084	0.078	0.084	0.729	0.754	0.73	0.764	0.803	0.763	0.748	0.744	0.778	0.082	0.079	0.083	0.079	0.08	0.079	0.079	0.079	0.08	0.08	0.08	0.079	0.079	0.08
0.081	0.08	0.08	0.079	0.079	0.079	0.08	0.081	0.087	0.082	0.083	0.082	0.08	0.737	0.753	0.733	0.779	0.817	0.776	0.743	0.773	0.774	0.086	0.082	0.082	0.738	0.749	0.73	0.799	0.792	0.758	0.741	0.773	0.79	0.085	0.081	0.082	0.732	0.749	0.732	0.776	0.784	0.763	0.745	0.767	0.777	0.237	0.084	0.084	0.736	0.743	0.735	0.769	0.807	0.768	0.735	0.768	0.801	0.214	0.079	0.11	0.741	0.743	0.723	0.768	0.801	0.766	0.73	0.775	0.787	0.084	0.078	0.084	0.727	0.744	0.729	0.764	0.805	0.758	0.742	0.752	0.791	0.082	0.079	0.082	0.079	0.08	0.079	0.079	0.079	0.08	0.08	0.079	0.079	0.079	0.08
0.08	0.08	0.08	0.08	0.079	0.079	0.08	0.081	0.088	0.082	0.083	0.082	0.08	0.735	0.749	0.731	0.773	0.81	0.77	0.74	0.769	0.772	0.086	0.082	0.082	0.737	0.743	0.727	0.789	0.784	0.748	0.738	0.769	0.786	0.085	0.08	0.082	0.73	0.745	0.73	0.776	0.776	0.755	0.743	0.764	0.775	0.208	0.083	0.084	0.742	0.738	0.73	0.759	0.805	0.761	0.728	0.772	0.792	0.269	0.079	0.112	0.736	0.739	0.72	0.762	0.797	0.762	0.727	0.772	0.786	0.084	0.078	0.084	0.726	0.739	0.727	0.757	0.799	0.755	0.745	0.761	0.8	0.082	0.079	0.082	0.079	0.08	0.079	0.079	0.079	0.08	0.08	0.079	0.079	0.079	0.08
0.08	0.08	0.081	0.079	0.079	0.08	0.079	0.081	0.087	0.082	0.083	0.082	0.08	0.733	0.743	0.728	0.764	0.804	0.763	0.751	0.767	0.767	0.086	0.082	0.082	0.734	0.738	0.724	0.767	0.776	0.74	0.734	0.767	0.778	0.085	0.08	0.082	0.727	0.739	0.726	0.759	0.768	0.745	0.739	0.756	0.77	0.231	0.084	0.084	0.73	0.733	0.721	0.75	0.794	0.752	0.726	0.774	0.793	0.26	0.079	0.115	0.734	0.735	0.716	0.753	0.789	0.751	0.724	0.772	0.779	0.084	0.078	0.084	0.723	0.739	0.724	0.752	0.793	0.75	0.732	0.757	0.803	0.082	0.079	0.083	0.079	0.08	0.079	0.079	0.08	0.08	0.08	0.079	0.079	0.079	0.08
0.08	0.08	0.08	0.079	0.079	0.08	0.079	0.081	0.086	0.082	0.083	0.082	0.08	0.73	0.74	0.724	0.757	0.793	0.755	0.732	0.765	0.761	0.086	0.082	0.082	0.731	0.733	0.72	0.755	0.767	0.733	0.722	0.759	0.771	0.085	0.08	0.082	0.724	0.737	0.722	0.752	0.758	0.737	0.743	0.75	0.765	0.195	0.083	0.084	0.726	0.727	0.718	0.747	0.787	0.746	0.719	0.778	0.781	0.231	0.079	0.106	0.732	0.732	0.713	0.745	0.781	0.749	0.723	0.773	0.77	0.084	0.078	0.084	0.748	0.732	0.72	0.749	0.785	0.743	0.729	0.761	0.793	0.083	0.079	0.083	0.079	0.08	0.079	0.079	0.079	0.08	0.08	0.08	0.079	0.079	0.08
0.08	0.08	0.08	0.079	0.08	0.08	0.08	0.081	0.086	0.082	0.083	0.081	0.079	0.727	0.734	0.72	0.749	0.787	0.748	0.724	0.757	0.754	0.086	0.082	0.082	0.727	0.729	0.715	0.746	0.758	0.723	0.724	0.752	0.768	0.085	0.081	0.082	0.721	0.73	0.718	0.743	0.748	0.725	0.723	0.74	0.758	0.271	0.083	0.084	0.724	0.723	0.711	0.733	0.777	0.738	0.712	0.774	0.774	0.207	0.079	0.111	0.73	0.727	0.71	0.738	0.771	0.738	0.713	0.771	0.775	0.084	0.078	0.084	0.719	0.729	0.717	0.737	0.776	0.734	0.741	0.759	0.816	0.083	0.079	0.083	0.079	0.08	0.079	0.079	0.079	0.081	0.08	0.08	0.079	0.079	0.08
0.08	0.08	0.081	0.079	0.079	0.079	0.079	0.081	0.087	0.082	0.083	0.082	0.08	0.726	0.73	0.72	0.743	0.775	0.74	0.72	0.75	0.749	0.086	0.082	0.082	0.726	0.723	0.713	0.738	0.75	0.716	0.724	0.741	0.752	0.085	0.081	0.082	0.719	0.726	0.715	0.734	0.738	0.722	0.728	0.733	0.754	0.284	0.084	0.084	0.721	0.719	0.71	0.726	0.77	0.725	0.711	0.765	0.769	0.188	0.079	0.106	0.727	0.727	0.705	0.731	0.762	0.728	0.712	0.764	0.767	0.084	0.078	0.084	0.718	0.727	0.714	0.732	0.769	0.729	0.725	0.751	0.811	0.083	0.079	0.083	0.079	0.08	0.079	0.079	0.079	0.081	0.08	0.079	0.079	0.079	0.08
0.08	0.08	0.081	0.079	0.079	0.079	0.08	0.081	0.088	0.082	0.083	0.082	0.08	0.724	0.726	0.716	0.74	0.77	0.737	0.713	0.743	0.747	0.087	0.082	0.082	0.724	0.719	0.709	0.73	0.742	0.711	0.701	0.735	0.746	0.085	0.08	0.082	0.716	0.724	0.713	0.728	0.73	0.717	0.726	0.729	0.748	0.226	0.084	0.084	0.719	0.717	0.721	0.72	0.76	0.719	0.709	0.76	0.759	0.276	0.079	0.11	0.726	0.724	0.7	0.726	0.755	0.721	0.717	0.754	0.764	0.084	0.078	0.084	0.716	0.724	0.711	0.726	0.762	0.721	0.718	0.749	0.78	0.083	0.079	0.083	0.079	0.08	0.079	0.079	0.079	0.08	0.08	0.08	0.079	0.079	0.08
0.08	0.08	0.081	0.079	0.079	0.079	0.079	0.081	0.086	0.082	0.083	0.081	0.08	0.722	0.723	0.712	0.733	0.763	0.732	0.711	0.735	0.738	0.086	0.082	0.082	0.721	0.715	0.706	0.724	0.737	0.704	0.698	0.728	0.74	0.085	0.081	0.082	0.713	0.717	0.721	0.721	0.723	0.709	0.721	0.717	0.742	0.234	0.083	0.084	0.716	0.71	0.7	0.714	0.754	0.713	0.705	0.772	0.751	0.27	0.079	0.108	0.723	0.724	0.697	0.719	0.747	0.716	0.714	0.749	0.756	0.084	0.078	0.084	0.715	0.721	0.709	0.736	0.759	0.717	0.716	0.741	0.769	0.083	0.079	0.083	0.079	0.08	0.079	0.079	0.079	0.08	0.08	0.08	0.079	0.079	0.08
0.08	0.08	0.08	0.079	0.079	0.08	0.079	0.081	0.088	0.082	0.083	0.081	0.08	0.72	0.719	0.71	0.743	0.756	0.719	0.706	0.729	0.734	0.086	0.082	0.082	0.719	0.711	0.703	0.717	0.728	0.698	0.696	0.721	0.734	0.085	0.08	0.082	0.713	0.712	0.702	0.735	0.718	0.705	0.713	0.71	0.734	0.257	0.084	0.084	0.715	0.709	0.712	0.716	0.749	0.709	0.701	0.739	0.744	0.24	0.079	0.113	0.724	0.716	0.693	0.714	0.746	0.712	0.706	0.737	0.752	0.084	0.078	0.084	0.713	0.719	0.706	0.716	0.751	0.719	0.714	0.735	0.763	0.083	0.079	0.083	0.079	0.079	0.079	0.079	0.079	0.08	0.08	0.079	0.079	0.079	0.08
0.08	0.08	0.08	0.079	0.079	0.079	0.08	0.081	0.086	0.082	0.083	0.081	0.08	0.718	0.716	0.706	0.723	0.749	0.734	0.704	0.723	0.725	0.086	0.082	0.082	0.716	0.707	0.697	0.711	0.723	0.692	0.693	0.718	0.727	0.085	0.08	0.082	0.709	0.715	0.699	0.71	0.717	0.7	0.708	0.701	0.732	0.218	0.083	0.084	0.712	0.703	0.689	0.702	0.744	0.711	0.699	0.732	0.737	0.24	0.079	0.103	0.721	0.712	0.696	0.715	0.741	0.71	0.704	0.731	0.746	0.084	0.078	0.084	0.716	0.715	0.702	0.713	0.759	0.724	0.71	0.736	0.765	0.083	0.079	0.083	0.079	0.08	0.079	0.079	0.079	0.08	0.08	0.079	0.079	0.079	0.08
0.08	0.08	0.081	0.079	0.079	0.079	0.08	0.081	0.087	0.082	0.083	0.081	0.08	0.715	0.711	0.704	0.72	0.744	0.709	0.701	0.718	0.72	0.086	0.082	0.082	0.713	0.701	0.693	0.707	0.718	0.691	0.69	0.711	0.721	0.085	0.08	0.082	0.706	0.701	0.694	0.703	0.708	0.693	0.699	0.708	0.73	0.265	0.083	0.084	0.713	0.707	0.7	0.697	0.733	0.697	0.695	0.724	0.73	0.204	0.079	0.112	0.718	0.711	0.688	0.703	0.732	0.701	0.696	0.721	0.733	0.084	0.078	0.084	0.711	0.712	0.699	0.708	0.737	0.7	0.709	0.739	0.751	0.083	0.079	0.083	0.079	0.08	0.079	0.079	0.079	0.08	0.08	0.08	0.079	0.079	0.08
0.08	0.08	0.081	0.079	0.079	0.079	0.08	0.081	0.086	0.082	0.083	0.081	0.08	0.714	0.708	0.701	0.716	0.74	0.703	0.699	0.714	0.716	0.086	0.082	0.082	0.712	0.697	0.69	0.701	0.712	0.686	0.686	0.702	0.717	0.085	0.08	0.082	0.705	0.699	0.691	0.7	0.702	0.688	0.699	0.707	0.725	0.247	0.083	0.084	0.726	0.694	0.682	0.692	0.73	0.692	0.693	0.716	0.725	0.266	0.079	0.113	0.718	0.712	0.683	0.698	0.726	0.699	0.694	0.714	0.731	0.084	0.078	0.084	0.709	0.713	0.699	0.704	0.734	0.712	0.706	0.752	0.745	0.083	0.079	0.083	0.079	0.08	0.079	0.079	0.079	0.08	0.08	0.08	0.079	0.079	0.08
0.08	0.08	0.081	0.079	0.079	0.079	0.079	0.081	0.087	0.082	0.083	0.082	0.08	0.712	0.704	0.698	0.709	0.737	0.698	0.697	0.709	0.714	0.087	0.082	0.082	0.709	0.693	0.686	0.697	0.707	0.683	0.683	0.697	0.714	0.085	0.08	0.082	0.703	0.695	0.684	0.694	0.697	0.683	0.693	0.696	0.715	0.218	0.083	0.084	0.705	0.69	0.693	0.692	0.726	0.686	0.69	0.718	0.721	0.241	0.079	0.104	0.715	0.71	0.68	0.694	0.726	0.695	0.696	0.71	0.724	0.084	0.078	0.084	0.707	0.706	0.704	0.698	0.738	0.694	0.707	0.709	0.741	0.083	0.079	0.083	0.079	0.079	0.079	0.079	0.079	0.08	0.08	0.08	0.079	0.079	0.08
0.08	0.08	0.081	0.079	0.079	0.079	0.08	0.081	0.085	0.082	0.083	0.082	0.08	0.709	0.701	0.695	0.706	0.732	0.695	0.694	0.705	0.712	0.087	0.082	0.082	0.707	0.689	0.681	0.692	0.702	0.68	0.68	0.693	0.709	0.085	0.081	0.082	0.7	0.691	0.679	0.689	0.694	0.678	0.689	0.704	0.707	0.256	0.084	0.084	0.703	0.686	0.673	0.684	0.715	0.682	0.691	0.706	0.715	0.276	0.079	0.104	0.713	0.71	0.676	0.689	0.716	0.693	0.714	0.704	0.714	0.085	0.078	0.084	0.706	0.709	0.693	0.711	0.731	0.685	0.701	0.721	0.736	0.083	0.079	0.083	0.079	0.079	0.079	0.079	0.079	0.081	0.08	0.08	0.079	0.079	0.08
0.08	0.08	0.08	0.079	0.079	0.08	0.08	0.081	0.086	0.082	0.083	0.081	0.08	0.708	0.697	0.691	0.702	0.728	0.689	0.692	0.703	0.707	0.087	0.082	0.082	0.704	0.684	0.677	0.687	0.697	0.682	0.678	0.689	0.707	0.085	0.08	0.082	0.699	0.686	0.686	0.684	0.691	0.678	0.684	0.68	0.696	0.27	0.084	0.084	0.702	0.682	0.669	0.683	0.715	0.682	0.684	0.702	0.711	0.206	0.078	0.114	0.711	0.713	0.673	0.688	0.712	0.687	0.691	0.7	0.713	0.084	0.077	0.084	0.705	0.701	0.691	0.696	0.725	0.683	0.701	0.713	0.734	0.083	0.079	0.083	0.079	0.08	0.079	0.079	0.079	0.08	0.08	0.079	0.079	0.079	0.08
0.08	0.08	0.081	0.079	0.079	0.08	0.079	0.081	0.085	0.082	0.083	0.081	0.08	0.705	0.694	0.688	0.698	0.733	0.686	0.69	0.698	0.702	0.087	0.083	0.082	0.702	0.681	0.673	0.684	0.692	0.663	0.676	0.684	0.702	0.085	0.08	0.082	0.697	0.682	0.673	0.688	0.685	0.679	0.682	0.674	0.693	0.209	0.083	0.084	0.7	0.677	0.665	0.68	0.708	0.672	0.683	0.699	0.708	0.192	0.079	0.116	0.71	0.706	0.669	0.683	0.712	0.682	0.684	0.699	0.709	0.085	0.078	0.084	0.704	0.7	0.688	0.706	0.721	0.678	0.698	0.696	0.729	0.083	0.079	0.083	0.079	0.08	0.079	0.079	0.079	0.081	0.08	0.08	0.079	0.079	0.08
0.08	0.08	0.08	0.079	0.079	0.08	0.079	0.081	0.084	0.082	0.083	0.082	0.08	0.703	0.689	0.684	0.695	0.723	0.682	0.689	0.699	0.701	0.087	0.082	0.082	0.699	0.677	0.67	0.68	0.688	0.663	0.674	0.682	0.701	0.085	0.08	0.082	0.694	0.677	0.667	0.678	0.677	0.672	0.679	0.672	0.689	0.245	0.084	0.084	0.698	0.675	0.662	0.682	0.701	0.67	0.679	0.693	0.704	0.198	0.079	0.109	0.708	0.71	0.665	0.679	0.7	0.674	0.682	0.691	0.701	0.085	0.078	0.084	0.703	0.698	0.685	0.69	0.717	0.676	0.696	0.693	0.724	0.083	0.079	0.082	0.079	0.08	0.079	0.079	0.079	0.081	0.08	0.08	0.079	0.079	0.08
0.08	0.08	0.081	0.079	0.079	0.079	0.079	0.081	0.086	0.082	0.083	0.081	0.08	0.701	0.686	0.68	0.691	0.719	0.681	0.685	0.697	0.699	0.087	0.082	0.082	0.698	0.673	0.667	0.676	0.685	0.669	0.672	0.678	0.696	0.085	0.081	0.082	0.691	0.675	0.665	0.672	0.671	0.664	0.676	0.667	0.688	0.242	0.084	0.084	0.698	0.675	0.659	0.666	0.697	0.664	0.675	0.686	0.7	0.248	0.079	0.105	0.707	0.705	0.663	0.674	0.696	0.67	0.679	0.688	0.698	0.085	0.078	0.084	0.704	0.696	0.684	0.688	0.715	0.674	0.694	0.697	0.723	0.083	0.079	0.082	0.079	0.079	0.079	0.079	0.079	0.08	0.08	0.079	0.079	0.079	0.08
0.08	0.08	0.08	0.079	0.079	0.079	0.08	0.081	0.084	0.082	0.083	0.081	0.08	0.698	0.684	0.677	0.689	0.716	0.68	0.684	0.693	0.697	0.087	0.082	0.082	0.696	0.669	0.662	0.672	0.681	0.686	0.671	0.676	0.696	0.085	0.08	0.082	0.689	0.669	0.663	0.666	0.666	0.659	0.675	0.664	0.685	0.226	0.084	0.084	0.694	0.667	0.656	0.661	0.689	0.658	0.671	0.68	0.698	0.256	0.079	0.11	0.706	0.683	0.662	0.672	0.693	0.666	0.676	0.69	0.699	0.085	0.078	0.084	0.7	0.694	0.682	0.689	0.713	0.668	0.696	0.695	0.72	0.083	0.079	0.082	0.079	0.08	0.079	0.079	0.079	0.08	0.08	0.079	0.08	0.079	0.08
0.08	0.08	0.081	0.079	0.079	0.08	0.079	0.081	0.086	0.082	0.083	0.081	0.08	0.697	0.681	0.673	0.686	0.713	0.678	0.682	0.689	0.697	0.087	0.082	0.082	0.694	0.666	0.66	0.668	0.677	0.662	0.671	0.674	0.696	0.085	0.08	0.082	0.688	0.665	0.663	0.661	0.662	0.654	0.671	0.661	0.685	0.236	0.084	0.084	0.696	0.665	0.652	0.656	0.685	0.656	0.668	0.677	0.695	0.234	0.079	0.11	0.705	0.681	0.658	0.668	0.688	0.665	0.673	0.68	0.693	0.085	0.078	0.084	0.699	0.689	0.679	0.686	0.715	0.678	0.691	0.681	0.716	0.084	0.079	0.082	0.08	0.08	0.079	0.079	0.079	0.08	0.08	0.08	0.079	0.079	0.08
0.079	0.079	0.08	0.079	0.08	0.08	0.08	0.081	0.084	0.082	0.083	0.081	0.08	0.695	0.678	0.67	0.683	0.709	0.675	0.679	0.687	0.695	0.087	0.082	0.082	0.692	0.662	0.657	0.663	0.672	0.655	0.667	0.669	0.692	0.085	0.08	0.082	0.685	0.662	0.657	0.656	0.66	0.65	0.668	0.656	0.682	0.247	0.084	0.084	0.69	0.66	0.65	0.65	0.68	0.648	0.663	0.677	0.696	0.192	0.079	0.11	0.704	0.677	0.657	0.664	0.683	0.66	0.67	0.677	0.699	0.085	0.078	0.084	0.698	0.689	0.676	0.682	0.706	0.665	0.69	0.679	0.713	0.083	0.079	0.082	0.079	0.08	0.079	0.079	0.079	0.08	0.08	0.079	0.079	0.079	0.08
0.079	0.08	0.08	0.079	0.08	0.08	0.079	0.081	0.084	0.082	0.083	0.082	0.08	0.693	0.675	0.667	0.679	0.707	0.671	0.679	0.686	0.693	0.087	0.082	0.082	0.69	0.658	0.655	0.659	0.672	0.651	0.665	0.666	0.691	0.085	0.08	0.082	0.686	0.657	0.654	0.654	0.657	0.648	0.664	0.651	0.682	0.241	0.084	0.084	0.69	0.657	0.647	0.649	0.682	0.647	0.659	0.67	0.695	0.241	0.079	0.108	0.701	0.678	0.656	0.664	0.679	0.655	0.665	0.672	0.69	0.085	0.078	0.084	0.696	0.691	0.673	0.692	0.715	0.662	0.687	0.715	0.712	0.084	0.079	0.082	0.08	0.08	0.079	0.079	0.079	0.08	0.08	0.08	0.079	0.079	0.08
0.079	0.08	0.08	0.079	0.08	0.08	0.08	0.081	0.086	0.082	0.083	0.082	0.08	0.692	0.672	0.664	0.676	0.704	0.669	0.677	0.684	0.694	0.087	0.082	0.082	0.688	0.655	0.653	0.657	0.668	0.648	0.661	0.663	0.689	0.085	0.08	0.082	0.682	0.655	0.651	0.651	0.653	0.645	0.659	0.651	0.679	0.284	0.083	0.084	0.688	0.652	0.644	0.644	0.673	0.64	0.656	0.666	0.688	0.243	0.079	0.111	0.699	0.677	0.651	0.66	0.676	0.655	0.662	0.67	0.69	0.085	0.078	0.084	0.695	0.684	0.676	0.693	0.704	0.661	0.685	0.674	0.71	0.084	0.079	0.082	0.08	0.08	0.079	0.079	0.079	0.08	0.08	0.08	0.079	0.079	0.08
0.08	0.08	0.081	0.079	0.079	0.08	0.08	0.081	0.081	0.082	0.083	0.081	0.08	0.69	0.67	0.661	0.673	0.702	0.665	0.676	0.682	0.693	0.087	0.083	0.082	0.686	0.651	0.65	0.655	0.665	0.647	0.658	0.66	0.687	0.085	0.08	0.082	0.681	0.652	0.649	0.647	0.649	0.641	0.655	0.646	0.677	0.261	0.084	0.084	0.687	0.648	0.641	0.642	0.67	0.637	0.65	0.661	0.687	0.271	0.079	0.113	0.698	0.668	0.648	0.656	0.673	0.648	0.658	0.668	0.686	0.085	0.078	0.084	0.694	0.682	0.67	0.681	0.703	0.658	0.681	0.672	0.707	0.084	0.079	0.082	0.08	0.079	0.079	0.079	0.079	0.08	0.08	0.08	0.08	0.079	0.08
0.079	0.079	0.081	0.079	0.079	0.08	0.08	0.081	0.087	0.081	0.083	0.081	0.08	0.688	0.667	0.659	0.67	0.699	0.663	0.676	0.678	0.69	0.087	0.082	0.082	0.684	0.647	0.647	0.652	0.661	0.644	0.653	0.658	0.684	0.085	0.08	0.082	0.679	0.647	0.645	0.643	0.644	0.636	0.651	0.644	0.677	0.292	0.084	0.084	0.692	0.645	0.639	0.64	0.666	0.635	0.647	0.658	0.683	0.265	0.079	0.116	0.697	0.665	0.646	0.654	0.671	0.644	0.654	0.663	0.685	0.085	0.078	0.084	0.693	0.686	0.668	0.677	0.707	0.657	0.678	0.669	0.718	0.084	0.079	0.082	0.08	0.08	0.079	0.079	0.079	0.08	0.08	0.079	0.079	0.079	0.08
0.08	0.08	0.081	0.079	0.08	0.08	0.08	0.081	0.085	0.082	0.083	0.081	0.08	0.69	0.666	0.656	0.667	0.697	0.66	0.673	0.677	0.689	0.087	0.082	0.082	0.684	0.645	0.645	0.649	0.659	0.641	0.65	0.656	0.684	0.085	0.08	0.082	0.677	0.645	0.643	0.639	0.64	0.634	0.646	0.644	0.675	0.261	0.084	0.084	0.689	0.642	0.637	0.635	0.663	0.631	0.644	0.661	0.682	0.215	0.079	0.112	0.696	0.662	0.643	0.657	0.668	0.643	0.65	0.659	0.687	0.085	0.078	0.084	0.705	0.678	0.673	0.684	0.709	0.657	0.676	0.668	0.702	0.084	0.079	0.082	0.08	0.08	0.079	0.079	0.079	0.08	0.08	0.079	0.079	0.079	0.08
0.08	0.08	0.081	0.079	0.08	0.08	0.08	0.081	0.081	0.082	0.083	0.081	0.08	0.685	0.661	0.655	0.665	0.696	0.66	0.672	0.675	0.687	0.087	0.082	0.082	0.682	0.64	0.642	0.645	0.654	0.637	0.646	0.653	0.683	0.085	0.081	0.082	0.677	0.641	0.64	0.636	0.636	0.629	0.643	0.641	0.676	0.219	0.084	0.084	0.688	0.639	0.633	0.632	0.658	0.627	0.639	0.648	0.679	0.226	0.079	0.106	0.696	0.66	0.641	0.65	0.666	0.642	0.647	0.671	0.679	0.085	0.078	0.084	0.718	0.676	0.668	0.681	0.696	0.652	0.674	0.666	0.71	0.084	0.079	0.082	0.08	0.08	0.079	0.079	0.079	0.08	0.08	0.08	0.079	0.079	0.08
0.079	0.08	0.081	0.079	0.08	0.08	0.08	0.081	0.084	0.082	0.083	0.081	0.08	0.684	0.658	0.652	0.664	0.694	0.66	0.669	0.672	0.687	0.087	0.083	0.082	0.681	0.637	0.639	0.642	0.649	0.635	0.644	0.653	0.683	0.085	0.08	0.082	0.675	0.637	0.637	0.631	0.632	0.625	0.639	0.638	0.674	0.255	0.084	0.084	0.682	0.636	0.63	0.629	0.654	0.623	0.635	0.645	0.678	0.213	0.079	0.11	0.695	0.658	0.641	0.649	0.663	0.639	0.644	0.653	0.678	0.085	0.078	0.084	0.69	0.674	0.666	0.697	0.695	0.656	0.67	0.664	0.704	0.084	0.079	0.082	0.08	0.08	0.079	0.079	0.079	0.08	0.08	0.08	0.079	0.079	0.08
0.079	0.08	0.081	0.079	0.08	0.08	0.08	0.081	0.081	0.082	0.083	0.082	0.08	0.682	0.655	0.65	0.662	0.692	0.66	0.667	0.671	0.686	0.087	0.082	0.082	0.68	0.634	0.636	0.638	0.646	0.63	0.639	0.65	0.681	0.085	0.081	0.082	0.674	0.634	0.635	0.627	0.627	0.621	0.635	0.634	0.673	0.286	0.084	0.084	0.682	0.632	0.629	0.624	0.651	0.62	0.632	0.644	0.677	0.252	0.079	0.111	0.694	0.656	0.639	0.646	0.66	0.637	0.641	0.651	0.677	0.085	0.078	0.084	0.689	0.673	0.664	0.671	0.691	0.649	0.668	0.693	0.697	0.084	0.079	0.082	0.08	0.08	0.079	0.079	0.079	0.08	0.08	0.08	0.079	0.079	0.08
0.08	0.08	0.081	0.08	0.08	0.08	0.08	0.081	0.082	0.082	0.083	0.082	0.08	0.681	0.652	0.649	0.66	0.692	0.658	0.665	0.67	0.685	0.087	0.082	0.082	0.678	0.63	0.634	0.634	0.643	0.627	0.635	0.648	0.681	0.085	0.08	0.082	0.673	0.63	0.633	0.624	0.624	0.617	0.631	0.632	0.672	0.289	0.084	0.084	0.681	0.632	0.627	0.621	0.647	0.617	0.63	0.641	0.678	0.168	0.079	0.109	0.693	0.653	0.636	0.645	0.657	0.634	0.638	0.65	0.674	0.085	0.078	0.084	0.687	0.671	0.662	0.682	0.691	0.646	0.665	0.661	0.696	0.084	0.079	0.082	0.08	0.08	0.079	0.079	0.079	0.08	0.08	0.08	0.079	0.079	0.08
0.08	0.08	0.08	0.08	0.08	0.08	0.08	0.081	0.085	0.082	0.083	0.082	0.08	0.68	0.65	0.646	0.658	0.688	0.656	0.662	0.668	0.683	0.087	0.082	0.082	0.677	0.627	0.631	0.631	0.638	0.624	0.633	0.647	0.682	0.086	0.081	0.082	0.671	0.627	0.63	0.621	0.62	0.614	0.63	0.629	0.672	0.283	0.084	0.084	0.683	0.626	0.624	0.617	0.643	0.612	0.627	0.638	0.674	0.179	0.079	0.111	0.692	0.651	0.635	0.643	0.654	0.631	0.635	0.648	0.673	0.085	0.078	0.084	0.687	0.67	0.66	0.668	0.692	0.649	0.662	0.698	0.696	0.084	0.079	0.082	0.08	0.08	0.079	0.079	0.079	0.08	0.08	0.08	0.079	0.079	0.08
0.079	0.081	0.08	0.079	0.08	0.08	0.08	0.081	0.085	0.082	0.083	0.082	0.08	0.679	0.646	0.644	0.656	0.684	0.653	0.659	0.665	0.682	0.087	0.082	0.082	0.676	0.624	0.629	0.628	0.636	0.62	0.629	0.644	0.68	0.085	0.08	0.082	0.669	0.623	0.629	0.617	0.617	0.611	0.625	0.625	0.67	0.271	0.084	0.084	0.68	0.623	0.622	0.615	0.641	0.609	0.625	0.635	0.674	0.233	0.079	0.112	0.692	0.648	0.631	0.64	0.651	0.628	0.632	0.645	0.671	0.085	0.078	0.084	0.687	0.668	0.663	0.673	0.691	0.645	0.66	0.67	0.699	0.084	0.079	0.082	0.08	0.08	0.079	0.079	0.079	0.08	0.08	0.08	0.079	0.079	0.08
0.08	0.08	0.081	0.079	0.08	0.08	0.08	0.081	0.085	0.082	0.083	0.082	0.08	0.677	0.643	0.641	0.653	0.681	0.65	0.656	0.665	0.682	0.087	0.082	0.082	0.675	0.62	0.626	0.624	0.631	0.617	0.626	0.642	0.682	0.085	0.081	0.082	0.668	0.619	0.626	0.613	0.613	0.608	0.621	0.622	0.668	0.279	0.084	0.084	0.678	0.619	0.621	0.611	0.636	0.605	0.621	0.632	0.672	0.262	0.079	0.112	0.69	0.646	0.629	0.637	0.648	0.624	0.629	0.643	0.67	0.085	0.078	0.084	0.684	0.667	0.658	0.666	0.688	0.65	0.657	0.656	0.696	0.084	0.079	0.082	0.08	0.08	0.079	0.079	0.079	0.08	0.08	0.08	0.079	0.079	0.08
0.08	0.08	0.08	0.079	0.08	0.08	0.08	0.081	0.085	0.082	0.083	0.082	0.08	0.676	0.64	0.638	0.65	0.678	0.647	0.653	0.664	0.681	0.087	0.082	0.082	0.673	0.617	0.625	0.621	0.628	0.613	0.622	0.639	0.68	0.085	0.08	0.082	0.666	0.615	0.624	0.61	0.61	0.603	0.619	0.619	0.666	0.278	0.084	0.084	0.677	0.617	0.621	0.609	0.633	0.603	0.619	0.628	0.671	0.23	0.079	0.111	0.69	0.644	0.628	0.635	0.645	0.622	0.627	0.641	0.669	0.085	0.077	0.084	0.684	0.665	0.656	0.666	0.69	0.643	0.654	0.662	0.692	0.084	0.079	0.082	0.08	0.08	0.079	0.079	0.079	0.08	0.08	0.08	0.079	0.079	0.08
0.079	0.08	0.081	0.08	0.08	0.08	0.08	0.081	0.084	0.081	0.083	0.082	0.08	0.674	0.638	0.636	0.648	0.675	0.644	0.651	0.664	0.68	0.087	0.082	0.082	0.672	0.613	0.623	0.617	0.625	0.61	0.62	0.635	0.679	0.085	0.08	0.082	0.665	0.613	0.623	0.607	0.607	0.6	0.616	0.615	0.664	0.267	0.084	0.084	0.677	0.614	0.619	0.606	0.63	0.599	0.617	0.625	0.669	0.267	0.079	0.113	0.689	0.642	0.627	0.633	0.642	0.618	0.625	0.638	0.668	0.085	0.078	0.084	0.682	0.663	0.654	0.664	0.686	0.642	0.652	0.657	0.694	0.084	0.079	0.082	0.08	0.08	0.079	0.079	0.079	0.08	0.08	0.08	0.079	0.079	0.08
