A1	A2	A3	A4	A5	A6	A7	A8	A9	A10	A11	A12	B1	B2	B3	B4	B5	B6	B7	B8	B9	B10	B11	B12	C1	C2	C3	C4	C5	C6	C7	C8	C9	C10	C11	C12	D1	D2	D3	D4	D5	D6	D7	D8	D9	D10	D11	D12	E1	E2	E3	E4	E5	E6	E7	E8	E9	E10	E11	E12	F1	F2	F3	F4	F5	F6	F7	F8	F9	F10	F11	F12	G1	G2	G3	G4	G5	G6	G7	G8	G9	G10	G11	G12	H1	H2	H3	H4	H5	H6	H7	H8	H9	H10	H11	H12
0.084	0.081	0.08	0.082	0.08	0.082	0.081	0.082	0.08	0.082	0.08	0.08	0.079	0.086	0.087	0.087	0.086	0.086	0.085	0.086	0.086	0.086	0.086	0.08	0.079	0.089	0.086	0.086	0.086	0.086	0.086	0.087	0.086	0.086	0.083	0.08	0.079	0.086	0.086	0.086	0.086	0.086	0.086	0.086	0.086	0.087	0.084	0.08	0.08	0.105	0.087	0.089	0.084	0.085	0.085	0.085	0.086	0.086	0.083	0.08	0.082	0.103	0.088	0.084	0.084	0.085	0.085	0.085	0.085	0.086	0.084	0.08	0.078	0.086	0.087	0.085	0.085	0.085	0.086	0.085	0.086	0.087	0.083	0.08	0.08	0.08	0.081	0.081	0.079	0.082	0.085	0.079	0.08	0.081	0.08	0.081
0.083	0.081	0.08	0.08	0.081	0.081	0.08	0.08	0.08	0.081	0.08	0.08	0.079	0.086	0.088	0.087	0.086	0.086	0.085	0.086	0.086	0.086	0.086	0.079	0.079	0.089	0.087	0.086	0.086	0.086	0.086	0.087	0.087	0.086	0.083	0.08	0.079	0.086	0.086	0.086	0.086	0.086	0.086	0.086	0.086	0.087	0.083	0.08	0.079	0.093	0.088	0.086	0.085	0.085	0.086	0.086	0.086	0.086	0.083	0.08	0.082	0.103	0.091	0.085	0.084	0.085	0.086	0.085	0.085	0.086	0.083	0.08	0.078	0.087	0.087	0.085	0.085	0.085	0.086	0.085	0.086	0.087	0.083	0.08	0.08	0.08	0.08	0.08	0.079	0.082	0.085	0.079	0.08	0.081	0.08	0.081
0.083	0.081	0.08	0.081	0.08	0.08	0.081	0.079	0.08	0.081	0.08	0.079	0.08	0.087	0.088	0.088	0.086	0.086	0.086	0.086	0.086	0.086	0.088	0.079	0.079	0.09	0.087	0.087	0.086	0.086	0.086	0.087	0.087	0.086	0.083	0.08	0.08	0.087	0.087	0.087	0.086	0.086	0.086	0.087	0.086	0.087	0.083	0.08	0.079	0.086	0.088	0.087	0.085	0.086	0.086	0.086	0.086	0.086	0.083	0.08	0.082	0.104	0.089	0.085	0.084	0.086	0.086	0.085	0.086	0.086	0.083	0.08	0.078	0.09	0.088	0.086	0.086	0.086	0.086	0.085	0.086	0.087	0.084	0.08	0.08	0.08	0.081	0.08	0.079	0.082	0.084	0.079	0.08	0.081	0.08	0.082
0.083	0.08	0.08	0.081	0.081	0.081	0.081	0.08	0.08	0.081	0.08	0.08	0.079	0.088	0.089	0.089	0.087	0.087	0.086	0.087	0.087	0.087	0.086	0.079	0.079	0.091	0.088	0.088	0.087	0.087	0.087	0.088	0.087	0.087	0.083	0.08	0.079	0.089	0.087	0.089	0.087	0.087	0.086	0.087	0.086	0.088	0.083	0.08	0.079	0.106	0.089	0.087	0.085	0.086	0.086	0.086	0.087	0.086	0.083	0.08	0.082	0.102	0.09	0.086	0.085	0.086	0.086	0.086	0.086	0.086	0.083	0.08	0.078	0.087	0.088	0.087	0.086	0.086	0.086	0.086	0.087	0.088	0.083	0.08	0.08	0.08	0.081	0.08	0.079	0.082	0.085	0.079	0.08	0.081	0.08	0.082
0.083	0.08	0.08	0.081	0.08	0.081	0.081	0.079	0.08	0.081	0.08	0.08	0.08	0.09	0.089	0.091	0.087	0.088	0.086	0.087	0.087	0.087	0.086	0.079	0.079	0.093	0.088	0.091	0.088	0.087	0.087	0.089	0.088	0.087	0.083	0.08	0.079	0.091	0.088	0.092	0.087	0.087	0.087	0.088	0.087	0.088	0.083	0.08	0.079	0.093	0.089	0.089	0.086	0.087	0.086	0.087	0.087	0.087	0.083	0.08	0.082	0.104	0.09	0.087	0.085	0.087	0.086	0.087	0.086	0.087	0.083	0.08	0.078	0.088	0.089	0.089	0.086	0.086	0.087	0.087	0.087	0.088	0.083	0.08	0.08	0.08	0.08	0.08	0.079	0.082	0.084	0.079	0.08	0.08	0.08	0.082
0.084	0.081	0.081	0.081	0.081	0.081	0.081	0.079	0.08	0.081	0.08	0.08	0.08	0.093	0.089	0.095	0.088	0.088	0.086	0.088	0.087	0.087	0.086	0.079	0.079	0.098	0.088	0.096	0.088	0.088	0.087	0.089	0.088	0.087	0.083	0.079	0.079	0.096	0.088	0.096	0.088	0.087	0.087	0.088	0.087	0.089	0.083	0.08	0.079	0.11	0.09	0.092	0.086	0.087	0.086	0.088	0.087	0.087	0.083	0.08	0.082	0.107	0.091	0.091	0.086	0.087	0.087	0.088	0.087	0.087	0.083	0.081	0.078	0.09	0.089	0.092	0.087	0.087	0.087	0.088	0.088	0.088	0.083	0.08	0.08	0.08	0.081	0.08	0.079	0.082	0.085	0.079	0.08	0.081	0.08	0.082
0.084	0.081	0.081	0.082	0.08	0.081	0.08	0.079	0.08	0.081	0.08	0.08	0.08	0.099	0.089	0.102	0.088	0.088	0.087	0.088	0.087	0.088	0.086	0.079	0.079	0.105	0.089	0.105	0.088	0.088	0.088	0.09	0.088	0.088	0.083	0.08	0.08	0.102	0.088	0.104	0.088	0.088	0.087	0.089	0.087	0.089	0.083	0.08	0.079	0.118	0.09	0.097	0.086	0.087	0.087	0.089	0.087	0.087	0.083	0.08	0.082	0.113	0.091	0.097	0.086	0.087	0.087	0.09	0.087	0.088	0.083	0.08	0.078	0.094	0.089	0.098	0.087	0.088	0.087	0.09	0.088	0.088	0.083	0.08	0.08	0.08	0.081	0.08	0.079	0.082	0.084	0.079	0.08	0.081	0.08	0.082
0.084	0.081	0.081	0.081	0.08	0.081	0.081	0.08	0.08	0.081	0.08	0.08	0.08	0.107	0.09	0.112	0.088	0.088	0.087	0.089	0.088	0.088	0.086	0.079	0.079	0.115	0.089	0.119	0.089	0.088	0.088	0.09	0.089	0.088	0.083	0.079	0.079	0.113	0.088	0.116	0.088	0.088	0.088	0.089	0.088	0.089	0.083	0.08	0.079	0.126	0.09	0.113	0.087	0.087	0.087	0.092	0.087	0.088	0.083	0.08	0.082	0.121	0.091	0.105	0.086	0.088	0.087	0.091	0.087	0.088	0.083	0.081	0.078	0.101	0.09	0.106	0.087	0.088	0.087	0.091	0.088	0.089	0.083	0.08	0.08	0.08	0.081	0.08	0.079	0.082	0.085	0.079	0.08	0.081	0.08	0.082
0.084	0.081	0.08	0.081	0.081	0.081	0.08	0.079	0.08	0.082	0.08	0.08	0.08	0.119	0.09	0.128	0.089	0.089	0.087	0.089	0.088	0.088	0.087	0.079	0.079	0.132	0.089	0.139	0.089	0.089	0.088	0.091	0.089	0.088	0.083	0.079	0.08	0.131	0.089	0.135	0.089	0.089	0.088	0.09	0.088	0.09	0.083	0.08	0.079	0.139	0.091	0.119	0.087	0.088	0.087	0.095	0.087	0.088	0.083	0.08	0.082	0.135	0.091	0.118	0.087	0.088	0.087	0.095	0.087	0.088	0.084	0.08	0.078	0.111	0.09	0.121	0.087	0.088	0.088	0.096	0.088	0.089	0.083	0.08	0.08	0.08	0.081	0.08	0.079	0.082	0.084	0.079	0.08	0.08	0.08	0.082
0.084	0.081	0.08	0.081	0.081	0.081	0.081	0.079	0.08	0.081	0.08	0.08	0.08	0.141	0.09	0.154	0.089	0.089	0.087	0.09	0.088	0.089	0.087	0.079	0.079	0.159	0.089	0.171	0.089	0.089	0.088	0.092	0.089	0.089	0.083	0.08	0.08	0.156	0.089	0.163	0.089	0.089	0.088	0.091	0.088	0.09	0.083	0.08	0.079	0.158	0.091	0.14	0.087	0.088	0.087	0.1	0.087	0.088	0.083	0.08	0.082	0.154	0.092	0.139	0.087	0.089	0.087	0.101	0.088	0.088	0.084	0.08	0.078	0.126	0.09	0.144	0.088	0.088	0.088	0.101	0.088	0.089	0.083	0.08	0.08	0.08	0.08	0.08	0.079	0.082	0.085	0.079	0.08	0.081	0.08	0.082
0.083	0.08	0.08	0.08	0.08	0.081	0.081	0.079	0.08	0.081	0.08	0.08	0.08	0.17	0.09	0.189	0.089	0.089	0.088	0.09	0.088	0.089	0.087	0.079	0.079	0.189	0.089	0.209	0.089	0.089	0.088	0.092	0.089	0.089	0.083	0.079	0.079	0.188	0.089	0.198	0.089	0.089	0.088	0.091	0.088	0.09	0.084	0.08	0.08	0.185	0.091	0.174	0.087	0.088	0.088	0.106	0.087	0.089	0.083	0.08	0.082	0.187	0.092	0.173	0.087	0.089	0.087	0.107	0.088	0.089	0.084	0.081	0.078	0.15	0.09	0.18	0.088	0.088	0.088	0.108	0.089	0.09	0.088	0.08	0.081	0.08	0.081	0.08	0.079	0.082	0.084	0.079	0.08	0.081	0.08	0.082
0.083	0.08	0.081	0.081	0.08	0.08	0.081	0.079	0.08	0.081	0.08	0.08	0.08	0.199	0.09	0.224	0.089	0.089	0.088	0.092	0.088	0.089	0.087	0.079	0.079	0.225	0.09	0.247	0.09	0.089	0.089	0.094	0.089	0.089	0.083	0.08	0.079	0.221	0.089	0.232	0.089	0.089	0.088	0.093	0.089	0.09	0.084	0.08	0.079	0.219	0.091	0.206	0.087	0.088	0.088	0.116	0.096	0.089	0.083	0.08	0.082	0.221	0.092	0.206	0.087	0.089	0.088	0.117	0.088	0.089	0.084	0.08	0.079	0.189	0.091	0.215	0.088	0.089	0.088	0.115	0.089	0.09	0.085	0.08	0.08	0.08	0.081	0.08	0.079	0.082	0.085	0.079	0.08	0.081	0.08	0.082
0.083	0.08	0.081	0.082	0.08	0.08	0.081	0.079	0.08	0.081	0.08	0.08	0.08	0.239	0.09	0.267	0.089	0.089	0.088	0.093	0.089	0.089	0.087	0.079	0.079	0.272	0.09	0.303	0.09	0.09	0.089	0.096	0.09	0.089	0.083	0.08	0.079	0.268	0.089	0.282	0.09	0.089	0.088	0.095	0.089	0.09	0.084	0.08	0.08	0.253	0.091	0.247	0.088	0.088	0.088	0.131	0.087	0.089	0.083	0.08	0.082	0.259	0.097	0.245	0.087	0.089	0.088	0.135	0.088	0.089	0.084	0.08	0.078	0.222	0.091	0.254	0.088	0.089	0.088	0.133	0.089	0.09	0.083	0.08	0.08	0.08	0.081	0.081	0.079	0.082	0.084	0.079	0.08	0.081	0.08	0.082
0.083	0.081	0.081	0.081	0.08	0.081	0.081	0.079	0.08	0.081	0.08	0.08	0.08	0.291	0.091	0.323	0.09	0.09	0.088	0.096	0.089	0.09	0.087	0.079	0.079	0.328	0.09	0.359	0.09	0.09	0.089	0.1	0.09	0.089	0.083	0.08	0.079	0.324	0.09	0.337	0.09	0.09	0.089	0.098	0.089	0.09	0.084	0.08	0.079	0.306	0.092	0.305	0.088	0.088	0.088	0.155	0.088	0.089	0.083	0.08	0.082	0.317	0.093	0.303	0.087	0.089	0.088	0.163	0.088	0.089	0.084	0.08	0.078	0.265	0.092	0.313	0.088	0.089	0.088	0.16	0.089	0.09	0.083	0.08	0.08	0.08	0.08	0.08	0.079	0.082	0.084	0.079	0.08	0.081	0.08	0.082
0.083	0.081	0.08	0.081	0.08	0.081	0.08	0.079	0.08	0.081	0.08	0.08	0.08	0.351	0.091	0.387	0.09	0.09	0.088	0.101	0.089	0.09	0.087	0.079	0.079	0.395	0.091	0.432	0.091	0.09	0.089	0.106	0.09	0.09	0.083	0.079	0.079	0.39	0.09	0.406	0.09	0.09	0.089	0.102	0.089	0.091	0.083	0.08	0.079	0.364	0.093	0.367	0.088	0.089	0.088	0.186	0.088	0.089	0.083	0.08	0.082	0.378	0.093	0.359	0.088	0.09	0.088	0.191	0.088	0.089	0.084	0.08	0.078	0.326	0.092	0.374	0.088	0.089	0.089	0.189	0.089	0.09	0.083	0.08	0.08	0.08	0.081	0.081	0.079	0.082	0.084	0.079	0.08	0.08	0.08	0.083
0.084	0.08	0.08	0.081	0.08	0.081	0.081	0.079	0.081	0.081	0.08	0.08	0.08	0.411	0.092	0.452	0.091	0.09	0.088	0.107	0.089	0.09	0.087	0.079	0.079	0.455	0.092	0.493	0.091	0.091	0.089	0.115	0.09	0.09	0.083	0.08	0.079	0.456	0.091	0.476	0.091	0.09	0.089	0.11	0.089	0.091	0.084	0.08	0.079	0.426	0.093	0.437	0.088	0.089	0.089	0.22	0.088	0.089	0.083	0.08	0.082	0.454	0.094	0.433	0.088	0.09	0.088	0.22	0.088	0.089	0.084	0.08	0.078	0.389	0.093	0.441	0.088	0.09	0.09	0.223	0.089	0.09	0.083	0.08	0.08	0.08	0.081	0.081	0.079	0.082	0.085	0.079	0.08	0.081	0.08	0.083
0.084	0.081	0.08	0.081	0.081	0.081	0.081	0.079	0.08	0.081	0.08	0.08	0.08	0.477	0.094	0.515	0.092	0.091	0.089	0.118	0.089	0.091	0.087	0.079	0.079	0.513	0.094	0.546	0.092	0.091	0.09	0.128	0.09	0.09	0.083	0.08	0.079	0.508	0.093	0.531	0.092	0.091	0.089	0.121	0.089	0.092	0.084	0.08	0.079	0.495	0.095	0.507	0.089	0.09	0.089	0.258	0.088	0.09	0.083	0.08	0.082	0.513	0.096	0.491	0.088	0.091	0.089	0.263	0.089	0.09	0.084	0.08	0.078	0.458	0.095	0.504	0.089	0.091	0.09	0.264	0.089	0.09	0.083	0.08	0.08	0.08	0.081	0.08	0.079	0.082	0.084	0.079	0.08	0.081	0.08	0.083
0.083	0.081	0.081	0.081	0.08	0.081	0.081	0.079	0.08	0.081	0.08	0.08	0.08	0.522	0.096	0.558	0.093	0.092	0.089	0.135	0.089	0.092	0.087	0.079	0.079	0.551	0.097	0.579	0.094	0.093	0.09	0.15	0.09	0.092	0.083	0.08	0.08	0.549	0.096	0.571	0.094	0.092	0.09	0.14	0.089	0.093	0.084	0.08	0.079	0.532	0.098	0.56	0.09	0.096	0.09	0.305	0.088	0.09	0.083	0.08	0.082	0.553	0.101	0.537	0.089	0.092	0.09	0.307	0.088	0.09	0.084	0.081	0.078	0.513	0.098	0.555	0.09	0.092	0.091	0.311	0.089	0.091	0.083	0.08	0.08	0.08	0.081	0.08	0.079	0.082	0.084	0.079	0.08	0.081	0.08	0.083
0.083	0.08	0.08	0.081	0.081	0.08	0.081	0.079	0.08	0.081	0.08	0.08	0.08	0.559	0.1	0.592	0.096	0.094	0.089	0.159	0.09	0.093	0.087	0.079	0.079	0.586	0.101	0.609	0.097	0.095	0.09	0.184	0.091	0.093	0.083	0.08	0.08	0.581	0.1	0.602	0.097	0.094	0.09	0.169	0.09	0.094	0.084	0.08	0.08	0.579	0.103	0.589	0.091	0.093	0.092	0.358	0.092	0.091	0.083	0.08	0.082	0.582	0.104	0.574	0.09	0.093	0.091	0.36	0.089	0.091	0.084	0.081	0.078	0.544	0.102	0.575	0.091	0.095	0.093	0.361	0.089	0.091	0.083	0.08	0.08	0.08	0.081	0.08	0.079	0.082	0.084	0.079	0.08	0.081	0.08	0.083
0.083	0.081	0.081	0.081	0.08	0.081	0.08	0.08	0.08	0.081	0.08	0.08	0.08	0.588	0.106	0.624	0.1	0.097	0.09	0.194	0.09	0.096	0.087	0.08	0.079	0.616	0.107	0.639	0.102	0.098	0.091	0.221	0.092	0.096	0.083	0.08	0.079	0.61	0.106	0.634	0.101	0.097	0.091	0.201	0.091	0.097	0.084	0.08	0.079	0.604	0.109	0.612	0.093	0.097	0.094	0.413	0.089	0.092	0.083	0.08	0.082	0.611	0.109	0.605	0.092	0.097	0.093	0.406	0.089	0.092	0.084	0.08	0.078	0.575	0.11	0.609	0.092	0.098	0.096	0.411	0.09	0.092	0.083	0.08	0.08	0.08	0.08	0.08	0.079	0.081	0.085	0.079	0.08	0.081	0.08	0.083
0.083	0.081	0.081	0.081	0.081	0.081	0.081	0.079	0.08	0.081	0.08	0.08	0.08	0.615	0.114	0.646	0.107	0.101	0.091	0.235	0.091	0.1	0.087	0.08	0.079	0.643	0.117	0.666	0.109	0.103	0.092	0.266	0.093	0.1	0.083	0.08	0.08	0.636	0.116	0.66	0.109	0.102	0.093	0.242	0.092	0.1	0.084	0.08	0.079	0.62	0.118	0.644	0.096	0.103	0.098	0.467	0.09	0.094	0.083	0.08	0.082	0.641	0.118	0.632	0.095	0.101	0.097	0.456	0.09	0.094	0.084	0.08	0.078	0.603	0.12	0.635	0.096	0.104	0.101	0.461	0.09	0.094	0.086	0.08	0.08	0.08	0.081	0.08	0.079	0.082	0.085	0.079	0.08	0.081	0.08	0.083
0.083	0.081	0.08	0.081	0.08	0.081	0.081	0.079	0.08	0.081	0.08	0.08	0.08	0.64	0.128	0.671	0.117	0.108	0.093	0.284	0.093	0.106	0.087	0.079	0.079	0.663	0.133	0.685	0.121	0.111	0.095	0.328	0.095	0.106	0.083	0.079	0.079	0.658	0.131	0.681	0.121	0.109	0.094	0.294	0.094	0.106	0.084	0.08	0.079	0.652	0.135	0.672	0.101	0.111	0.106	0.502	0.091	0.097	0.083	0.08	0.082	0.667	0.133	0.657	0.1	0.11	0.103	0.489	0.09	0.096	0.084	0.08	0.078	0.629	0.137	0.658	0.1	0.114	0.108	0.503	0.092	0.097	0.083	0.08	0.08	0.08	0.08	0.08	0.079	0.082	0.085	0.079	0.08	0.081	0.08	0.083
0.083	0.081	0.081	0.08	0.08	0.081	0.081	0.079	0.08	0.081	0.08	0.08	0.08	0.662	0.149	0.691	0.134	0.119	0.096	0.338	0.096	0.115	0.087	0.079	0.079	0.683	0.157	0.7	0.142	0.124	0.098	0.384	0.098	0.117	0.083	0.08	0.079	0.676	0.155	0.699	0.14	0.122	0.098	0.348	0.097	0.116	0.084	0.08	0.079	0.663	0.157	0.685	0.11	0.124	0.116	0.535	0.093	0.102	0.084	0.08	0.082	0.687	0.162	0.683	0.106	0.121	0.113	0.524	0.092	0.101	0.084	0.08	0.078	0.656	0.162	0.679	0.108	0.131	0.118	0.532	0.093	0.1	0.083	0.08	0.08	0.08	0.081	0.08	0.079	0.082	0.084	0.079	0.08	0.081	0.08	0.083
0.083	0.081	0.08	0.081	0.08	0.08	0.08	0.079	0.08	0.081	0.08	0.08	0.08	0.681	0.179	0.705	0.161	0.137	0.1	0.406	0.1	0.131	0.087	0.08	0.079	0.7	0.186	0.711	0.172	0.145	0.103	0.458	0.103	0.133	0.083	0.079	0.079	0.694	0.184	0.71	0.171	0.142	0.104	0.426	0.103	0.132	0.084	0.08	0.079	0.688	0.192	0.702	0.124	0.146	0.134	0.565	0.096	0.109	0.083	0.08	0.082	0.702	0.19	0.697	0.119	0.142	0.129	0.552	0.094	0.108	0.084	0.08	0.078	0.672	0.195	0.694	0.121	0.155	0.137	0.561	0.096	0.108	0.083	0.08	0.08	0.08	0.08	0.08	0.079	0.082	0.084	0.079	0.08	0.081	0.081	0.083
0.083	0.081	0.08	0.081	0.08	0.08	0.08	0.079	0.08	0.081	0.08	0.08	0.08	0.698	0.203	0.719	0.193	0.167	0.107	0.464	0.106	0.157	0.087	0.079	0.079	0.718	0.217	0.723	0.208	0.182	0.112	0.509	0.111	0.16	0.083	0.08	0.079	0.709	0.213	0.722	0.203	0.175	0.114	0.478	0.111	0.158	0.084	0.08	0.079	0.696	0.22	0.717	0.145	0.182	0.166	0.586	0.101	0.121	0.083	0.08	0.082	0.707	0.216	0.712	0.139	0.173	0.152	0.573	0.098	0.121	0.084	0.081	0.078	0.688	0.227	0.709	0.142	0.186	0.165	0.584	0.101	0.118	0.083	0.08	0.08	0.08	0.08	0.08	0.079	0.082	0.084	0.079	0.08	0.081	0.08	0.082
0.083	0.081	0.081	0.081	0.08	0.08	0.08	0.079	0.08	0.081	0.08	0.08	0.08	0.712	0.254	0.73	0.235	0.2	0.118	0.51	0.117	0.19	0.087	0.079	0.079	0.732	0.271	0.736	0.249	0.217	0.125	0.544	0.124	0.196	0.083	0.079	0.079	0.724	0.268	0.736	0.241	0.207	0.128	0.516	0.124	0.191	0.084	0.08	0.079	0.701	0.27	0.727	0.179	0.213	0.2	0.609	0.108	0.142	0.083	0.08	0.082	0.721	0.272	0.723	0.171	0.206	0.189	0.595	0.103	0.141	0.084	0.08	0.078	0.703	0.281	0.723	0.175	0.227	0.199	0.602	0.108	0.136	0.083	0.08	0.08	0.08	0.08	0.08	0.079	0.082	0.084	0.079	0.08	0.081	0.08	0.082
0.083	0.081	0.08	0.08	0.08	0.08	0.08	0.079	0.08	0.081	0.08	0.08	0.08	0.724	0.305	0.746	0.284	0.237	0.137	0.545	0.134	0.229	0.087	0.079	0.079	0.744	0.318	0.749	0.309	0.26	0.147	0.575	0.145	0.235	0.083	0.079	0.079	0.738	0.317	0.749	0.295	0.244	0.151	0.552	0.147	0.228	0.084	0.08	0.079	0.715	0.321	0.741	0.215	0.259	0.239	0.629	0.12	0.174	0.084	0.08	0.082	0.734	0.324	0.735	0.201	0.243	0.224	0.614	0.113	0.171	0.084	0.081	0.078	0.712	0.334	0.736	0.206	0.269	0.237	0.623	0.12	0.165	0.083	0.08	0.08	0.08	0.08	0.08	0.079	0.082	0.084	0.079	0.08	0.081	0.08	0.083
0.083	0.081	0.08	0.081	0.08	0.08	0.081	0.079	0.08	0.081	0.08	0.08	0.08	0.737	0.341	0.755	0.343	0.292	0.168	0.578	0.162	0.279	0.087	0.079	0.079	0.754	0.358	0.759	0.367	0.319	0.182	0.602	0.181	0.288	0.083	0.079	0.079	0.751	0.358	0.761	0.356	0.302	0.186	0.581	0.179	0.277	0.084	0.08	0.079	0.73	0.36	0.749	0.256	0.316	0.294	0.648	0.138	0.208	0.083	0.08	0.082	0.746	0.362	0.747	0.239	0.302	0.27	0.629	0.128	0.2	0.084	0.081	0.078	0.723	0.374	0.748	0.248	0.323	0.291	0.638	0.139	0.196	0.083	0.08	0.08	0.08	0.08	0.08	0.079	0.082	0.084	0.079	0.08	0.081	0.08	0.082
0.083	0.081	0.08	0.081	0.08	0.08	0.08	0.08	0.08	0.081	0.08	0.08	0.08	0.746	0.385	0.765	0.41	0.346	0.196	0.604	0.195	0.331	0.087	0.079	0.079	0.765	0.408	0.77	0.44	0.377	0.217	0.624	0.212	0.345	0.084	0.079	0.079	0.76	0.41	0.772	0.432	0.36	0.221	0.611	0.211	0.33	0.084	0.08	0.079	0.74	0.413	0.76	0.319	0.381	0.345	0.663	0.172	0.25	0.084	0.08	0.082	0.758	0.414	0.754	0.298	0.363	0.324	0.647	0.154	0.242	0.084	0.08	0.078	0.735	0.434	0.758	0.307	0.398	0.346	0.656	0.17	0.231	0.083	0.08	0.08	0.08	0.08	0.08	0.079	0.082	0.085	0.079	0.08	0.081	0.08	0.083
0.083	0.081	0.08	0.081	0.08	0.081	0.08	0.079	0.08	0.081	0.08	0.08	0.08	0.754	0.446	0.774	0.469	0.411	0.238	0.63	0.234	0.404	0.087	0.079	0.079	0.772	0.47	0.781	0.494	0.448	0.26	0.65	0.253	0.414	0.083	0.08	0.079	0.769	0.47	0.777	0.483	0.427	0.267	0.635	0.253	0.402	0.084	0.08	0.079	0.749	0.468	0.771	0.381	0.455	0.414	0.677	0.207	0.306	0.084	0.08	0.082	0.767	0.475	0.763	0.359	0.427	0.383	0.659	0.185	0.294	0.084	0.081	0.078	0.744	0.495	0.767	0.369	0.457	0.409	0.669	0.2	0.283	0.084	0.08	0.08	0.08	0.08	0.08	0.079	0.082	0.084	0.079	0.08	0.081	0.08	0.082
0.083	0.081	0.081	0.08	0.08	0.08	0.08	0.079	0.08	0.081	0.08	0.08	0.08	0.763	0.499	0.785	0.511	0.47	0.287	0.652	0.286	0.463	0.087	0.08	0.079	0.783	0.521	0.793	0.533	0.502	0.32	0.661	0.316	0.474	0.084	0.079	0.079	0.78	0.515	0.784	0.527	0.481	0.325	0.65	0.311	0.46	0.084	0.08	0.08	0.762	0.522	0.782	0.445	0.501	0.462	0.69	0.245	0.36	0.083	0.08	0.082	0.777	0.529	0.775	0.434	0.489	0.446	0.669	0.226	0.36	0.084	0.081	0.078	0.755	0.532	0.778	0.433	0.5	0.463	0.68	0.239	0.337	0.083	0.08	0.08	0.08	0.08	0.08	0.079	0.082	0.084	0.08	0.08	0.081	0.08	0.082
0.083	0.081	0.08	0.081	0.08	0.081	0.081	0.079	0.08	0.081	0.08	0.08	0.08	0.772	0.544	0.793	0.555	0.513	0.344	0.658	0.338	0.511	0.087	0.079	0.079	0.789	0.564	0.803	0.57	0.541	0.375	0.68	0.377	0.517	0.084	0.08	0.079	0.79	0.565	0.797	0.568	0.519	0.381	0.662	0.376	0.509	0.084	0.08	0.079	0.772	0.564	0.792	0.503	0.546	0.506	0.702	0.304	0.429	0.084	0.08	0.082	0.786	0.572	0.784	0.488	0.527	0.494	0.682	0.268	0.429	0.084	0.081	0.078	0.765	0.576	0.788	0.492	0.536	0.503	0.691	0.299	0.41	0.084	0.08	0.08	0.08	0.08	0.08	0.079	0.082	0.084	0.079	0.08	0.081	0.08	0.082
0.083	0.081	0.081	0.081	0.08	0.08	0.081	0.079	0.08	0.081	0.08	0.08	0.079	0.778	0.579	0.804	0.587	0.55	0.404	0.676	0.406	0.551	0.087	0.079	0.079	0.8	0.6	0.813	0.599	0.574	0.439	0.693	0.444	0.55	0.084	0.079	0.08	0.8	0.597	0.812	0.597	0.557	0.442	0.678	0.438	0.548	0.084	0.08	0.079	0.78	0.601	0.803	0.536	0.575	0.539	0.71	0.351	0.496	0.084	0.08	0.082	0.799	0.602	0.793	0.526	0.563	0.524	0.693	0.32	0.479	0.084	0.081	0.078	0.775	0.6	0.801	0.527	0.571	0.536	0.701	0.355	0.47	0.084	0.08	0.08	0.08	0.08	0.08	0.079	0.082	0.084	0.079	0.08	0.081	0.08	0.082
0.083	0.081	0.081	0.08	0.081	0.08	0.08	0.079	0.08	0.081	0.08	0.08	0.08	0.789	0.61	0.816	0.618	0.578	0.46	0.691	0.466	0.585	0.087	0.079	0.079	0.808	0.622	0.823	0.627	0.599	0.499	0.707	0.493	0.583	0.084	0.079	0.079	0.815	0.62	0.827	0.625	0.587	0.489	0.693	0.487	0.585	0.084	0.08	0.079	0.791	0.629	0.819	0.574	0.601	0.567	0.72	0.432	0.529	0.084	0.08	0.082	0.811	0.627	0.807	0.557	0.595	0.556	0.705	0.393	0.523	0.084	0.08	0.078	0.787	0.631	0.813	0.56	0.602	0.569	0.709	0.426	0.515	0.083	0.08	0.08	0.08	0.08	0.08	0.079	0.082	0.084	0.079	0.08	0.081	0.08	0.082
0.083	0.081	0.08	0.08	0.08	0.081	0.081	0.079	0.08	0.081	0.08	0.08	0.079	0.8	0.632	0.822	0.642	0.607	0.497	0.706	0.505	0.61	0.087	0.079	0.079	0.815	0.635	0.832	0.651	0.625	0.537	0.719	0.53	0.61	0.084	0.079	0.079	0.823	0.635	0.836	0.649	0.614	0.53	0.706	0.526	0.607	0.084	0.08	0.08	0.807	0.644	0.831	0.603	0.626	0.591	0.729	0.493	0.567	0.084	0.08	0.082	0.821	0.645	0.824	0.596	0.621	0.587	0.712	0.458	0.56	0.084	0.08	0.078	0.797	0.654	0.826	0.589	0.621	0.592	0.719	0.478	0.545	0.084	0.08	0.08	0.08	0.081	0.081	0.079	0.082	0.084	0.079	0.08	0.081	0.08	0.082
0.083	0.081	0.08	0.081	0.08	0.081	0.081	0.079	0.08	0.081	0.08	0.08	0.08	0.806	0.648	0.83	0.66	0.631	0.535	0.716	0.541	0.638	0.087	0.079	0.079	0.826	0.655	0.833	0.662	0.646	0.574	0.731	0.563	0.644	0.084	0.079	0.079	0.83	0.653	0.838	0.666	0.634	0.559	0.717	0.564	0.64	0.084	0.08	0.079	0.814	0.657	0.838	0.627	0.648	0.616	0.737	0.522	0.599	0.084	0.08	0.082	0.834	0.662	0.828	0.623	0.642	0.613	0.722	0.505	0.589	0.084	0.08	0.078	0.808	0.665	0.832	0.618	0.646	0.612	0.729	0.519	0.578	0.084	0.08	0.08	0.08	0.08	0.08	0.079	0.082	0.084	0.079	0.08	0.08	0.08	0.082
0.083	0.081	0.08	0.08	0.08	0.081	0.08	0.079	0.08	0.081	0.08	0.08	0.08	0.812	0.667	0.828	0.679	0.648	0.569	0.728	0.577	0.665	0.087	0.08	0.079	0.832	0.674	0.827	0.683	0.662	0.598	0.743	0.594	0.662	0.084	0.079	0.08	0.826	0.672	0.832	0.681	0.652	0.587	0.729	0.598	0.656	0.084	0.08	0.08	0.817	0.675	0.835	0.643	0.666	0.634	0.745	0.566	0.627	0.084	0.08	0.082	0.834	0.68	0.825	0.648	0.663	0.626	0.731	0.545	0.62	0.084	0.08	0.078	0.815	0.678	0.831	0.642	0.665	0.63	0.737	0.55	0.61	0.084	0.08	0.08	0.08	0.08	0.08	0.079	0.082	0.084	0.079	0.08	0.081	0.08	0.082
0.083	0.081	0.08	0.08	0.08	0.081	0.08	0.079	0.08	0.081	0.08	0.08	0.08	0.82	0.684	0.823	0.691	0.665	0.59	0.736	0.599	0.672	0.087	0.079	0.079	0.831	0.684	0.823	0.697	0.672	0.623	0.752	0.628	0.673	0.084	0.08	0.08	0.823	0.686	0.828	0.695	0.66	0.61	0.738	0.624	0.673	0.084	0.08	0.08	0.814	0.69	0.838	0.664	0.681	0.648	0.757	0.592	0.65	0.084	0.08	0.082	0.827	0.696	0.825	0.665	0.676	0.642	0.74	0.572	0.643	0.084	0.08	0.078	0.819	0.69	0.828	0.663	0.682	0.646	0.749	0.579	0.635	0.083	0.08	0.08	0.08	0.08	0.08	0.079	0.082	0.084	0.079	0.08	0.081	0.08	0.082
0.083	0.081	0.08	0.08	0.08	0.08	0.08	0.079	0.08	0.081	0.08	0.08	0.08	0.823	0.7	0.818	0.705	0.681	0.617	0.746	0.626	0.695	0.087	0.079	0.079	0.827	0.697	0.819	0.71	0.686	0.645	0.76	0.646	0.69	0.084	0.079	0.08	0.817	0.696	0.822	0.703	0.677	0.632	0.745	0.646	0.688	0.084	0.08	0.079	0.809	0.702	0.826	0.68	0.698	0.658	0.775	0.615	0.668	0.084	0.08	0.082	0.826	0.706	0.818	0.682	0.692	0.659	0.756	0.601	0.662	0.084	0.081	0.078	0.812	0.701	0.821	0.679	0.695	0.66	0.76	0.609	0.654	0.088	0.08	0.08	0.08	0.081	0.08	0.079	0.082	0.084	0.079	0.08	0.081	0.08	0.082
0.083	0.081	0.08	0.08	0.08	0.081	0.081	0.079	0.08	0.081	0.08	0.08	0.08	0.827	0.707	0.812	0.721	0.694	0.627	0.752	0.651	0.71	0.087	0.079	0.079	0.824	0.71	0.814	0.722	0.697	0.65	0.764	0.666	0.701	0.084	0.08	0.08	0.812	0.708	0.817	0.716	0.688	0.642	0.751	0.66	0.701	0.084	0.08	0.079	0.805	0.714	0.82	0.694	0.712	0.672	0.778	0.634	0.682	0.084	0.08	0.082	0.821	0.719	0.81	0.695	0.707	0.664	0.76	0.631	0.678	0.084	0.08	0.078	0.805	0.71	0.813	0.695	0.708	0.669	0.77	0.634	0.672	0.084	0.08	0.08	0.08	0.081	0.08	0.079	0.082	0.084	0.079	0.08	0.081	0.08	0.082
0.083	0.081	0.08	0.08	0.08	0.08	0.081	0.079	0.08	0.081	0.08	0.08	0.08	0.825	0.711	0.809	0.733	0.708	0.648	0.758	0.669	0.721	0.087	0.079	0.079	0.821	0.722	0.806	0.736	0.711	0.665	0.771	0.679	0.715	0.084	0.079	0.08	0.807	0.72	0.811	0.73	0.702	0.657	0.758	0.674	0.714	0.084	0.08	0.079	0.798	0.724	0.825	0.706	0.725	0.685	0.787	0.655	0.696	0.084	0.08	0.082	0.814	0.733	0.806	0.709	0.722	0.68	0.768	0.65	0.694	0.084	0.08	0.078	0.801	0.722	0.809	0.711	0.725	0.683	0.775	0.653	0.687	0.084	0.08	0.08	0.08	0.08	0.08	0.079	0.081	0.084	0.079	0.08	0.081	0.08	0.082
0.083	0.081	0.08	0.08	0.08	0.081	0.081	0.079	0.08	0.081	0.08	0.08	0.079	0.82	0.728	0.805	0.743	0.719	0.661	0.764	0.675	0.735	0.087	0.079	0.079	0.812	0.731	0.801	0.747	0.722	0.679	0.779	0.691	0.73	0.084	0.08	0.079	0.802	0.729	0.807	0.74	0.714	0.67	0.769	0.688	0.729	0.084	0.08	0.08	0.795	0.735	0.81	0.72	0.739	0.693	0.792	0.673	0.711	0.084	0.08	0.082	0.809	0.739	0.8	0.723	0.732	0.683	0.778	0.668	0.709	0.084	0.08	0.078	0.796	0.731	0.805	0.724	0.737	0.69	0.784	0.67	0.706	0.09	0.08	0.08	0.08	0.08	0.08	0.079	0.082	0.084	0.079	0.08	0.081	0.08	0.082
0.083	0.081	0.08	0.081	0.081	0.081	0.08	0.079	0.08	0.081	0.08	0.08	0.08	0.815	0.737	0.8	0.749	0.73	0.674	0.775	0.692	0.742	0.087	0.079	0.079	0.808	0.736	0.796	0.758	0.733	0.695	0.787	0.705	0.742	0.084	0.079	0.079	0.797	0.733	0.801	0.757	0.725	0.685	0.774	0.702	0.742	0.084	0.08	0.079	0.789	0.742	0.802	0.734	0.748	0.704	0.794	0.686	0.727	0.084	0.08	0.082	0.804	0.746	0.795	0.735	0.742	0.696	0.781	0.686	0.725	0.084	0.08	0.078	0.787	0.739	0.801	0.737	0.748	0.704	0.787	0.688	0.719	0.084	0.08	0.081	0.08	0.08	0.08	0.079	0.082	0.084	0.079	0.08	0.081	0.08	0.082
0.083	0.081	0.08	0.08	0.081	0.081	0.081	0.079	0.08	0.081	0.08	0.08	0.08	0.811	0.737	0.794	0.756	0.74	0.688	0.783	0.705	0.755	0.087	0.079	0.079	0.803	0.742	0.789	0.768	0.743	0.707	0.797	0.718	0.752	0.084	0.079	0.079	0.79	0.741	0.794	0.759	0.734	0.695	0.785	0.716	0.751	0.084	0.08	0.079	0.784	0.753	0.796	0.745	0.757	0.718	0.804	0.702	0.739	0.084	0.08	0.082	0.798	0.753	0.79	0.746	0.752	0.71	0.784	0.7	0.737	0.084	0.08	0.078	0.78	0.745	0.794	0.748	0.756	0.713	0.789	0.704	0.731	0.084	0.08	0.08	0.08	0.08	0.08	0.079	0.082	0.084	0.079	0.08	0.081	0.08	0.082
0.083	0.081	0.08	0.08	0.08	0.081	0.081	0.079	0.08	0.081	0.08	0.08	0.08	0.804	0.742	0.79	0.763	0.748	0.698	0.791	0.718	0.766	0.087	0.079	0.079	0.797	0.747	0.782	0.776	0.751	0.717	0.806	0.731	0.761	0.084	0.079	0.079	0.784	0.749	0.789	0.767	0.74	0.706	0.792	0.729	0.76	0.084	0.08	0.08	0.778	0.752	0.791	0.754	0.765	0.724	0.799	0.715	0.751	0.084	0.08	0.082	0.794	0.758	0.784	0.754	0.759	0.718	0.781	0.715	0.748	0.084	0.08	0.078	0.779	0.751	0.788	0.757	0.762	0.72	0.792	0.716	0.74	0.084	0.08	0.08	0.08	0.08	0.08	0.079	0.082	0.084	0.079	0.08	0.081	0.08	0.082
0.083	0.081	0.08	0.08	0.08	0.081	0.08	0.079	0.08	0.081	0.08	0.08	0.08	0.8	0.75	0.783	0.771	0.756	0.71	0.8	0.727	0.775	0.087	0.08	0.079	0.794	0.751	0.778	0.781	0.757	0.729	0.818	0.743	0.768	0.084	0.079	0.08	0.779	0.752	0.786	0.775	0.75	0.718	0.803	0.739	0.769	0.084	0.08	0.079	0.773	0.759	0.783	0.763	0.775	0.732	0.81	0.728	0.762	0.084	0.08	0.082	0.787	0.762	0.777	0.764	0.768	0.724	0.774	0.729	0.757	0.084	0.08	0.078	0.776	0.755	0.783	0.77	0.771	0.728	0.789	0.729	0.749	0.093	0.08	0.08	0.08	0.08	0.08	0.079	0.082	0.084	0.079	0.08	0.081	0.08	0.082
0.083	0.081	0.08	0.08	0.08	0.081	0.08	0.079	0.08	0.081	0.08	0.08	0.08	0.794	0.754	0.776	0.779	0.761	0.718	0.809	0.738	0.78	0.087	0.079	0.079	0.789	0.756	0.773	0.788	0.763	0.736	0.827	0.755	0.779	0.084	0.08	0.079	0.774	0.755	0.778	0.783	0.753	0.726	0.815	0.75	0.775	0.084	0.08	0.08	0.768	0.759	0.779	0.771	0.784	0.739	0.797	0.741	0.77	0.084	0.08	0.082	0.782	0.766	0.77	0.771	0.777	0.737	0.774	0.742	0.766	0.084	0.08	0.078	0.764	0.757	0.781	0.776	0.778	0.734	0.784	0.739	0.758	0.084	0.08	0.08	0.08	0.08	0.08	0.079	0.082	0.084	0.079	0.08	0.081	0.08	0.082
0.083	0.081	0.08	0.08	0.081	0.081	0.08	0.079	0.08	0.081	0.08	0.08	0.08	0.79	0.755	0.773	0.788	0.768	0.727	0.815	0.747	0.788	0.091	0.079	0.079	0.784	0.758	0.768	0.798	0.769	0.745	0.829	0.762	0.787	0.084	0.079	0.08	0.769	0.756	0.773	0.792	0.765	0.734	0.814	0.758	0.784	0.084	0.08	0.08	0.762	0.763	0.772	0.781	0.794	0.748	0.788	0.751	0.776	0.084	0.08	0.082	0.781	0.769	0.767	0.781	0.784	0.739	0.797	0.75	0.77	0.084	0.08	0.078	0.76	0.76	0.77	0.784	0.789	0.741	0.784	0.747	0.766	0.087	0.08	0.08	0.08	0.08	0.08	0.079	0.082	0.084	0.079	0.08	0.081	0.08	0.082
0.083	0.081	0.08	0.081	0.08	0.081	0.081	0.079	0.08	0.081	0.08	0.08	0.08	0.783	0.758	0.768	0.794	0.778	0.732	0.809	0.755	0.801	0.087	0.079	0.079	0.779	0.76	0.763	0.804	0.779	0.751	0.821	0.773	0.79	0.084	0.079	0.079	0.765	0.759	0.769	0.805	0.771	0.74	0.806	0.766	0.796	0.084	0.08	0.079	0.757	0.765	0.78	0.789	0.806	0.756	0.783	0.76	0.785	0.084	0.08	0.082	0.771	0.771	0.762	0.793	0.793	0.752	0.764	0.761	0.786	0.084	0.081	0.078	0.76	0.76	0.766	0.794	0.797	0.751	0.779	0.757	0.779	0.084	0.08	0.08	0.08	0.081	0.08	0.079	0.082	0.084	0.079	0.08	0.081	0.08	0.082
0.083	0.081	0.08	0.081	0.081	0.081	0.08	0.08	0.08	0.082	0.08	0.08	0.079	0.778	0.76	0.762	0.803	0.786	0.736	0.802	0.761	0.81	0.087	0.079	0.079	0.776	0.761	0.759	0.816	0.785	0.759	0.814	0.779	0.803	0.085	0.08	0.08	0.762	0.76	0.767	0.813	0.78	0.748	0.795	0.775	0.804	0.084	0.08	0.08	0.753	0.767	0.763	0.801	0.815	0.763	0.778	0.765	0.796	0.084	0.08	0.082	0.768	0.772	0.756	0.795	0.805	0.756	0.772	0.768	0.789	0.084	0.08	0.078	0.755	0.758	0.756	0.8	0.807	0.763	0.772	0.765	0.782	0.084	0.08	0.08	0.08	0.08	0.08	0.079	0.082	0.084	0.079	0.08	0.081	0.08	0.082
0.083	0.081	0.08	0.081	0.08	0.082	0.08	0.08	0.08	0.081	0.08	0.08	0.08	0.77	0.756	0.758	0.812	0.794	0.747	0.797	0.769	0.816	0.087	0.079	0.079	0.775	0.762	0.754	0.819	0.8	0.766	0.809	0.785	0.81	0.085	0.079	0.08	0.758	0.759	0.762	0.814	0.794	0.755	0.785	0.784	0.809	0.084	0.08	0.079	0.749	0.763	0.758	0.81	0.825	0.772	0.773	0.774	0.806	0.084	0.08	0.082	0.764	0.77	0.751	0.803	0.815	0.772	0.774	0.777	0.804	0.084	0.08	0.078	0.756	0.759	0.752	0.816	0.814	0.769	0.775	0.77	0.79	0.084	0.08	0.08	0.08	0.08	0.08	0.079	0.082	0.084	0.079	0.08	0.081	0.08	0.087
0.083	0.081	0.08	0.081	0.081	0.081	0.081	0.079	0.08	0.081	0.08	0.08	0.08	0.767	0.759	0.754	0.811	0.8	0.755	0.79	0.78	0.822	0.087	0.079	0.079	0.769	0.767	0.75	0.813	0.801	0.776	0.804	0.793	0.816	0.086	0.079	0.079	0.754	0.763	0.76	0.81	0.798	0.767	0.782	0.788	0.814	0.084	0.08	0.08	0.746	0.766	0.753	0.815	0.823	0.784	0.772	0.783	0.82	0.084	0.08	0.082	0.761	0.77	0.747	0.814	0.814	0.781	0.744	0.785	0.813	0.084	0.081	0.078	0.75	0.755	0.75	0.818	0.814	0.787	0.76	0.779	0.796	0.084	0.08	0.08	0.08	0.081	0.08	0.079	0.082	0.084	0.079	0.08	0.081	0.08	0.086
0.083	0.081	0.08	0.08	0.081	0.081	0.081	0.079	0.08	0.081	0.08	0.08	0.079	0.763	0.757	0.749	0.804	0.801	0.763	0.787	0.787	0.823	0.087	0.079	0.079	0.763	0.77	0.749	0.809	0.798	0.783	0.799	0.806	0.818	0.087	0.08	0.08	0.751	0.77	0.75	0.803	0.791	0.779	0.778	0.796	0.815	0.084	0.08	0.079	0.742	0.767	0.754	0.814	0.816	0.784	0.758	0.787	0.827	0.084	0.08	0.082	0.756	0.771	0.743	0.815	0.81	0.775	0.741	0.79	0.816	0.084	0.08	0.078	0.749	0.754	0.746	0.816	0.81	0.781	0.757	0.783	0.807	0.084	0.08	0.08	0.08	0.08	0.08	0.079	0.082	0.084	0.079	0.08	0.081	0.08	0.139
0.083	0.081	0.08	0.081	0.081	0.081	0.081	0.079	0.08	0.081	0.08	0.08	0.079	0.761	0.757	0.745	0.806	0.796	0.772	0.783	0.797	0.824	0.087	0.079	0.079	0.759	0.765	0.744	0.804	0.791	0.8	0.796	0.816	0.811	0.089	0.08	0.08	0.748	0.764	0.744	0.796	0.785	0.783	0.771	0.81	0.809	0.084	0.08	0.08	0.739	0.767	0.747	0.806	0.81	0.783	0.758	0.803	0.826	0.084	0.08	0.083	0.752	0.776	0.745	0.809	0.802	0.77	0.732	0.797	0.82	0.084	0.08	0.078	0.744	0.754	0.746	0.811	0.807	0.779	0.753	0.788	0.815	0.084	0.08	0.08	0.08	0.08	0.08	0.079	0.082	0.084	0.079	0.08	0.081	0.08	0.143
0.083	0.081	0.08	0.08	0.081	0.082	0.08	0.079	0.08	0.081	0.08	0.08	0.079	0.757	0.756	0.742	0.794	0.797	0.781	0.78	0.804	0.817	0.087	0.079	0.079	0.757	0.758	0.741	0.8	0.786	0.806	0.799	0.816	0.81	0.093	0.079	0.079	0.746	0.757	0.741	0.789	0.778	0.784	0.767	0.811	0.802	0.084	0.08	0.08	0.737	0.76	0.743	0.8	0.802	0.77	0.753	0.809	0.819	0.084	0.08	0.082	0.749	0.772	0.736	0.799	0.794	0.768	0.726	0.812	0.814	0.084	0.08	0.078	0.74	0.752	0.737	0.805	0.797	0.77	0.743	0.804	0.813	0.084	0.08	0.08	0.08	0.08	0.08	0.079	0.082	0.084	0.079	0.08	0.081	0.081	0.135
0.083	0.081	0.08	0.08	0.081	0.081	0.081	0.079	0.08	0.081	0.08	0.08	0.08	0.753	0.758	0.74	0.787	0.783	0.781	0.777	0.803	0.81	0.088	0.079	0.079	0.754	0.753	0.736	0.795	0.779	0.797	0.799	0.81	0.803	0.099	0.079	0.08	0.743	0.751	0.737	0.78	0.77	0.78	0.759	0.802	0.799	0.085	0.08	0.079	0.734	0.757	0.737	0.794	0.793	0.763	0.74	0.808	0.816	0.084	0.08	0.083	0.746	0.765	0.731	0.793	0.79	0.762	0.72	0.815	0.809	0.085	0.08	0.078	0.736	0.753	0.74	0.797	0.79	0.767	0.736	0.808	0.809	0.086	0.08	0.08	0.08	0.08	0.08	0.079	0.082	0.084	0.079	0.08	0.081	0.08	0.226
0.083	0.081	0.08	0.081	0.08	0.081	0.08	0.079	0.08	0.081	0.08	0.08	0.079	0.75	0.753	0.735	0.781	0.775	0.774	0.772	0.797	0.803	0.088	0.079	0.079	0.751	0.747	0.733	0.779	0.77	0.797	0.802	0.803	0.793	0.108	0.08	0.08	0.74	0.747	0.737	0.773	0.765	0.773	0.752	0.794	0.79	0.085	0.08	0.079	0.732	0.75	0.74	0.785	0.786	0.758	0.735	0.799	0.809	0.084	0.08	0.082	0.746	0.758	0.73	0.791	0.779	0.75	0.714	0.806	0.802	0.085	0.08	0.078	0.738	0.753	0.733	0.791	0.783	0.759	0.734	0.803	0.804	0.084	0.08	0.08	0.08	0.08	0.08	0.079	0.082	0.084	0.079	0.08	0.081	0.08	0.214
0.083	0.081	0.08	0.081	0.08	0.081	0.081	0.079	0.08	0.081	0.08	0.08	0.079	0.751	0.746	0.733	0.774	0.768	0.766	0.771	0.788	0.802	0.089	0.079	0.079	0.749	0.74	0.729	0.772	0.762	0.793	0.803	0.798	0.791	0.122	0.08	0.08	0.739	0.742	0.731	0.768	0.758	0.769	0.749	0.785	0.783	0.085	0.08	0.08	0.729	0.747	0.734	0.775	0.784	0.752	0.745	0.791	0.806	0.084	0.08	0.082	0.743	0.754	0.726	0.78	0.773	0.743	0.71	0.8	0.796	0.084	0.081	0.078	0.738	0.742	0.729	0.784	0.776	0.751	0.726	0.799	0.796	0.084	0.08	0.08	0.08	0.08	0.08	0.079	0.082	0.084	0.079	0.08	0.081	0.08	0.208
0.083	0.081	0.08	0.081	0.081	0.081	0.08	0.079	0.08	0.081	0.08	0.08	0.08	0.744	0.741	0.73	0.769	0.763	0.759	0.768	0.783	0.797	0.09	0.079	0.079	0.747	0.738	0.726	0.767	0.755	0.779	0.807	0.791	0.782	0.147	0.08	0.08	0.736	0.739	0.728	0.758	0.747	0.762	0.747	0.775	0.777	0.086	0.08	0.079	0.725	0.739	0.73	0.765	0.778	0.744	0.726	0.783	0.797	0.084	0.08	0.082	0.741	0.749	0.722	0.772	0.763	0.734	0.706	0.794	0.789	0.085	0.081	0.078	0.728	0.738	0.731	0.777	0.769	0.744	0.723	0.792	0.791	0.084	0.08	0.08	0.08	0.08	0.08	0.079	0.082	0.084	0.079	0.08	0.081	0.08	0.217
0.083	0.081	0.08	0.081	0.081	0.081	0.081	0.079	0.08	0.081	0.08	0.08	0.08	0.741	0.735	0.726	0.761	0.757	0.752	0.765	0.777	0.787	0.091	0.079	0.079	0.745	0.734	0.723	0.758	0.748	0.775	0.803	0.784	0.777	0.185	0.08	0.079	0.733	0.734	0.723	0.75	0.739	0.758	0.742	0.767	0.771	0.087	0.08	0.08	0.724	0.737	0.735	0.762	0.758	0.732	0.723	0.774	0.783	0.084	0.08	0.082	0.738	0.743	0.723	0.768	0.756	0.729	0.702	0.787	0.783	0.084	0.08	0.078	0.724	0.732	0.724	0.77	0.763	0.738	0.717	0.784	0.786	0.089	0.08	0.08	0.08	0.08	0.08	0.079	0.082	0.084	0.079	0.08	0.081	0.081	0.223
0.083	0.081	0.08	0.081	0.08	0.081	0.08	0.079	0.08	0.081	0.08	0.08	0.08	0.738	0.73	0.723	0.754	0.75	0.746	0.752	0.77	0.781	0.094	0.079	0.079	0.742	0.731	0.719	0.75	0.744	0.764	0.797	0.775	0.767	0.223	0.08	0.08	0.73	0.727	0.721	0.743	0.733	0.753	0.742	0.76	0.763	0.089	0.08	0.08	0.721	0.728	0.718	0.748	0.751	0.728	0.72	0.764	0.779	0.084	0.08	0.082	0.736	0.74	0.717	0.757	0.749	0.722	0.699	0.78	0.772	0.084	0.08	0.078	0.72	0.727	0.721	0.765	0.758	0.731	0.714	0.778	0.786	0.084	0.08	0.08	0.08	0.08	0.08	0.079	0.082	0.084	0.079	0.08	0.081	0.08	0.192
0.083	0.081	0.08	0.08	0.081	0.081	0.081	0.079	0.08	0.081	0.08	0.08	0.079	0.736	0.724	0.721	0.748	0.744	0.741	0.749	0.762	0.775	0.098	0.079	0.079	0.74	0.726	0.717	0.746	0.734	0.759	0.79	0.773	0.76	0.26	0.08	0.079	0.729	0.722	0.717	0.738	0.726	0.75	0.735	0.761	0.757	0.092	0.081	0.08	0.718	0.726	0.715	0.743	0.75	0.722	0.727	0.763	0.773	0.084	0.08	0.082	0.733	0.741	0.711	0.762	0.747	0.716	0.694	0.771	0.767	0.085	0.08	0.078	0.723	0.723	0.717	0.759	0.765	0.723	0.713	0.77	0.771	0.084	0.08	0.08	0.08	0.08	0.08	0.079	0.082	0.084	0.079	0.08	0.081	0.08	0.19
0.083	0.081	0.08	0.08	0.081	0.081	0.081	0.079	0.08	0.081	0.08	0.08	0.079	0.734	0.72	0.718	0.744	0.74	0.735	0.745	0.756	0.77	0.105	0.079	0.079	0.737	0.723	0.712	0.742	0.729	0.761	0.791	0.766	0.754	0.327	0.08	0.079	0.726	0.725	0.713	0.733	0.72	0.752	0.726	0.744	0.754	0.096	0.08	0.08	0.715	0.721	0.712	0.736	0.749	0.718	0.714	0.77	0.768	0.084	0.08	0.082	0.731	0.732	0.707	0.755	0.742	0.71	0.71	0.765	0.758	0.085	0.081	0.078	0.712	0.719	0.713	0.753	0.75	0.721	0.711	0.764	0.766	0.084	0.08	0.08	0.08	0.08	0.08	0.079	0.082	0.084	0.079	0.08	0.081	0.08	0.197
0.083	0.081	0.08	0.08	0.081	0.082	0.08	0.08	0.08	0.081	0.08	0.08	0.08	0.732	0.718	0.714	0.739	0.735	0.728	0.741	0.75	0.763	0.116	0.079	0.079	0.735	0.718	0.708	0.736	0.724	0.746	0.782	0.761	0.75	0.396	0.08	0.08	0.724	0.714	0.709	0.727	0.721	0.752	0.72	0.739	0.746	0.104	0.08	0.079	0.713	0.717	0.706	0.735	0.737	0.709	0.709	0.744	0.764	0.084	0.08	0.082	0.758	0.726	0.707	0.762	0.736	0.707	0.691	0.756	0.753	0.084	0.08	0.078	0.711	0.715	0.711	0.748	0.738	0.719	0.708	0.755	0.761	0.093	0.08	0.08	0.08	0.08	0.08	0.079	0.082	0.084	0.079	0.08	0.081	0.08	0.171
0.083	0.081	0.08	0.081	0.081	0.081	0.081	0.079	0.08	0.081	0.08	0.08	0.079	0.73	0.716	0.711	0.735	0.733	0.722	0.737	0.746	0.758	0.134	0.079	0.079	0.732	0.715	0.705	0.734	0.72	0.735	0.736	0.759	0.746	0.482	0.08	0.08	0.721	0.711	0.705	0.723	0.718	0.748	0.715	0.733	0.742	0.116	0.08	0.08	0.71	0.713	0.715	0.728	0.738	0.71	0.711	0.744	0.753	0.084	0.08	0.082	0.723	0.729	0.703	0.744	0.73	0.702	0.686	0.749	0.749	0.085	0.081	0.078	0.709	0.711	0.708	0.746	0.737	0.715	0.706	0.752	0.774	0.084	0.08	0.08	0.08	0.08	0.08	0.079	0.082	0.084	0.079	0.08	0.081	0.08	0.093
0.083	0.081	0.08	0.081	0.081	0.081	0.08	0.079	0.08	0.081	0.08	0.08	0.08	0.727	0.711	0.709	0.731	0.731	0.716	0.733	0.741	0.755	0.166	0.079	0.079	0.731	0.71	0.701	0.73	0.717	0.731	0.729	0.752	0.745	0.522	0.08	0.08	0.719	0.705	0.7	0.719	0.714	0.746	0.712	0.728	0.737	0.137	0.08	0.08	0.709	0.709	0.699	0.728	0.727	0.699	0.704	0.731	0.749	0.084	0.08	0.082	0.721	0.718	0.697	0.732	0.725	0.696	0.684	0.746	0.745	0.085	0.081	0.078	0.717	0.709	0.706	0.74	0.732	0.71	0.704	0.745	0.75	0.09	0.08	0.08	0.08	0.081	0.08	0.079	0.082	0.084	0.079	0.08	0.081	0.08	0.099
0.083	0.081	0.08	0.08	0.081	0.081	0.08	0.08	0.08	0.081	0.08	0.08	0.079	0.724	0.708	0.707	0.727	0.729	0.712	0.73	0.74	0.755	0.2	0.079	0.079	0.729	0.706	0.698	0.725	0.713	0.725	0.726	0.746	0.74	0.563	0.08	0.08	0.716	0.699	0.696	0.717	0.707	0.742	0.708	0.722	0.734	0.17	0.08	0.08	0.706	0.705	0.693	0.72	0.723	0.694	0.704	0.732	0.746	0.084	0.08	0.082	0.719	0.715	0.693	0.728	0.721	0.693	0.685	0.737	0.74	0.085	0.081	0.078	0.703	0.706	0.702	0.736	0.731	0.704	0.702	0.74	0.745	0.089	0.08	0.08	0.08	0.08	0.08	0.079	0.082	0.084	0.079	0.08	0.081	0.08	0.18
0.083	0.081	0.08	0.081	0.081	0.082	0.08	0.08	0.08	0.081	0.08	0.08	0.08	0.723	0.705	0.703	0.725	0.729	0.708	0.727	0.738	0.754	0.241	0.079	0.079	0.726	0.701	0.693	0.721	0.709	0.722	0.723	0.747	0.735	0.585	0.08	0.08	0.714	0.698	0.691	0.711	0.704	0.73	0.706	0.72	0.731	0.205	0.08	0.08	0.703	0.7	0.703	0.717	0.716	0.692	0.701	0.722	0.744	0.084	0.08	0.082	0.717	0.71	0.689	0.729	0.718	0.69	0.681	0.734	0.737	0.085	0.081	0.078	0.701	0.704	0.698	0.733	0.725	0.702	0.701	0.735	0.743	0.084	0.08	0.08	0.08	0.08	0.08	0.079	0.082	0.084	0.079	0.08	0.081	0.08	0.226
0.083	0.081	0.08	0.081	0.081	0.082	0.08	0.08	0.08	0.081	0.08	0.08	0.08	0.72	0.701	0.702	0.721	0.713	0.704	0.723	0.738	0.753	0.288	0.079	0.079	0.723	0.698	0.689	0.716	0.705	0.719	0.72	0.754	0.735	0.61	0.08	0.08	0.711	0.693	0.688	0.707	0.695	0.725	0.704	0.716	0.73	0.242	0.08	0.08	0.7	0.697	0.713	0.712	0.713	0.683	0.693	0.722	0.741	0.084	0.08	0.082	0.716	0.713	0.686	0.727	0.711	0.686	0.683	0.736	0.734	0.085	0.081	0.078	0.702	0.699	0.695	0.731	0.722	0.701	0.698	0.736	0.744	0.084	0.08	0.08	0.08	0.081	0.081	0.079	0.082	0.084	0.079	0.08	0.081	0.08	0.179
0.083	0.081	0.08	0.081	0.081	0.081	0.08	0.079	0.08	0.081	0.08	0.08	0.079	0.718	0.697	0.699	0.719	0.71	0.702	0.722	0.736	0.753	0.356	0.079	0.079	0.721	0.694	0.686	0.713	0.703	0.718	0.719	0.759	0.731	0.632	0.079	0.08	0.709	0.683	0.683	0.703	0.692	0.736	0.702	0.712	0.729	0.298	0.08	0.079	0.699	0.697	0.68	0.716	0.71	0.683	0.691	0.713	0.729	0.084	0.08	0.082	0.715	0.703	0.685	0.716	0.71	0.685	0.679	0.735	0.733	0.085	0.081	0.078	0.706	0.697	0.695	0.729	0.73	0.696	0.697	0.732	0.74	0.084	0.08	0.08	0.08	0.08	0.08	0.079	0.082	0.084	0.079	0.08	0.081	0.08	0.107
0.083	0.081	0.08	0.081	0.081	0.081	0.081	0.08	0.08	0.081	0.08	0.08	0.079	0.716	0.694	0.696	0.716	0.706	0.698	0.721	0.732	0.754	0.422	0.079	0.079	0.719	0.692	0.683	0.71	0.698	0.715	0.717	0.747	0.729	0.647	0.079	0.08	0.707	0.68	0.679	0.698	0.686	0.733	0.701	0.708	0.725	0.365	0.08	0.079	0.696	0.69	0.677	0.708	0.705	0.677	0.69	0.709	0.726	0.084	0.08	0.082	0.713	0.699	0.679	0.711	0.705	0.679	0.677	0.729	0.731	0.085	0.08	0.078	0.698	0.692	0.695	0.726	0.721	0.694	0.7	0.728	0.731	0.084	0.08	0.08	0.08	0.081	0.08	0.079	0.082	0.084	0.079	0.08	0.081	0.08	0.121
0.083	0.081	0.08	0.081	0.081	0.081	0.08	0.079	0.08	0.081	0.08	0.08	0.079	0.713	0.692	0.692	0.714	0.704	0.695	0.718	0.727	0.754	0.491	0.079	0.079	0.718	0.687	0.679	0.707	0.695	0.712	0.717	0.738	0.726	0.666	0.079	0.08	0.704	0.688	0.675	0.695	0.685	0.723	0.698	0.703	0.723	0.423	0.08	0.079	0.693	0.684	0.676	0.704	0.699	0.675	0.686	0.703	0.736	0.084	0.08	0.082	0.711	0.699	0.674	0.706	0.702	0.676	0.675	0.724	0.728	0.084	0.08	0.078	0.699	0.69	0.704	0.724	0.719	0.697	0.719	0.736	0.729	0.084	0.08	0.08	0.08	0.081	0.08	0.079	0.082	0.084	0.079	0.08	0.081	0.08	0.099
0.083	0.081	0.08	0.081	0.081	0.081	0.081	0.079	0.08	0.081	0.08	0.08	0.079	0.711	0.689	0.69	0.712	0.703	0.693	0.717	0.724	0.755	0.523	0.079	0.079	0.715	0.684	0.676	0.704	0.692	0.707	0.721	0.744	0.725	0.673	0.079	0.08	0.702	0.685	0.673	0.691	0.68	0.722	0.698	0.702	0.721	0.467	0.08	0.079	0.691	0.681	0.673	0.698	0.696	0.681	0.683	0.7	0.723	0.084	0.08	0.082	0.709	0.697	0.671	0.704	0.699	0.673	0.673	0.718	0.724	0.085	0.08	0.078	0.695	0.688	0.684	0.721	0.713	0.689	0.698	0.722	0.729	0.084	0.08	0.08	0.08	0.08	0.08	0.079	0.082	0.084	0.079	0.08	0.081	0.08	0.141
0.083	0.081	0.08	0.081	0.081	0.081	0.081	0.079	0.08	0.081	0.08	0.08	0.079	0.71	0.686	0.688	0.709	0.7	0.691	0.713	0.72	0.753	0.555	0.079	0.079	0.714	0.68	0.674	0.7	0.689	0.705	0.715	0.74	0.722	0.685	0.079	0.08	0.7	0.668	0.669	0.688	0.677	0.742	0.696	0.697	0.718	0.506	0.08	0.079	0.688	0.679	0.667	0.694	0.705	0.666	0.679	0.696	0.725	0.084	0.08	0.082	0.708	0.686	0.668	0.699	0.699	0.669	0.67	0.715	0.726	0.085	0.08	0.078	0.702	0.685	0.682	0.717	0.71	0.686	0.694	0.716	0.735	0.084	0.08	0.08	0.08	0.081	0.08	0.079	0.082	0.084	0.079	0.08	0.081	0.08	0.187
0.083	0.081	0.081	0.081	0.081	0.081	0.081	0.08	0.08	0.081	0.08	0.08	0.08	0.708	0.683	0.685	0.708	0.698	0.69	0.712	0.719	0.751	0.589	0.079	0.079	0.711	0.678	0.67	0.697	0.687	0.702	0.713	0.742	0.721	0.701	0.08	0.079	0.697	0.667	0.667	0.683	0.672	0.67	0.695	0.694	0.716	0.546	0.08	0.08	0.687	0.674	0.664	0.691	0.694	0.664	0.676	0.693	0.721	0.084	0.08	0.082	0.707	0.683	0.665	0.696	0.692	0.666	0.667	0.714	0.724	0.085	0.08	0.078	0.69	0.683	0.68	0.715	0.705	0.684	0.693	0.725	0.725	0.092	0.08	0.08	0.08	0.08	0.08	0.079	0.082	0.084	0.079	0.08	0.081	0.08	0.128
0.083	0.081	0.08	0.08	0.081	0.081	0.08	0.08	0.08	0.081	0.08	0.08	0.079	0.706	0.68	0.682	0.704	0.695	0.687	0.711	0.715	0.75	0.607	0.079	0.079	0.709	0.676	0.668	0.694	0.684	0.699	0.711	0.748	0.718	0.709	0.079	0.08	0.695	0.662	0.664	0.68	0.666	0.666	0.692	0.691	0.714	0.577	0.08	0.079	0.684	0.67	0.66	0.685	0.69	0.674	0.673	0.699	0.719	0.084	0.08	0.082	0.707	0.685	0.663	0.695	0.688	0.665	0.665	0.709	0.722	0.085	0.08	0.078	0.687	0.682	0.678	0.713	0.703	0.693	0.692	0.724	0.723	0.084	0.08	0.08	0.08	0.08	0.08	0.079	0.082	0.084	0.079	0.08	0.081	0.08	0.112
0.083	0.081	0.08	0.081	0.081	0.081	0.081	0.079	0.08	0.081	0.08	0.08	0.079	0.704	0.678	0.68	0.701	0.695	0.684	0.71	0.712	0.748	0.634	0.079	0.079	0.708	0.671	0.665	0.69	0.681	0.688	0.711	0.745	0.719	0.717	0.079	0.08	0.693	0.662	0.664	0.681	0.663	0.664	0.689	0.688	0.712	0.614	0.08	0.08	0.683	0.671	0.657	0.687	0.681	0.661	0.67	0.688	0.717	0.084	0.08	0.082	0.704	0.675	0.66	0.706	0.685	0.662	0.661	0.706	0.718	0.085	0.081	0.078	0.685	0.677	0.674	0.711	0.706	0.689	0.69	0.711	0.725	0.091	0.08	0.08	0.08	0.081	0.08	0.079	0.082	0.084	0.079	0.08	0.081	0.081	0.138
0.083	0.081	0.081	0.081	0.081	0.081	0.081	0.079	0.08	0.081	0.08	0.08	0.079	0.702	0.674	0.678	0.699	0.692	0.682	0.708	0.709	0.749	0.653	0.079	0.079	0.705	0.668	0.662	0.688	0.679	0.685	0.708	0.75	0.715	0.727	0.079	0.081	0.69	0.658	0.658	0.673	0.661	0.66	0.687	0.685	0.71	0.631	0.08	0.258	0.68	0.663	0.656	0.677	0.678	0.662	0.667	0.684	0.719	0.084	0.08	0.082	0.696	0.678	0.656	0.687	0.682	0.659	0.659	0.705	0.714	0.085	0.081	0.078	0.685	0.673	0.675	0.708	0.704	0.682	0.689	0.718	0.729	0.084	0.08	0.08	0.08	0.08	0.081	0.079	0.082	0.084	0.079	0.08	0.081	0.08	0.123
0.083	0.081	0.08	0.081	0.081	0.081	0.081	0.08	0.08	0.082	0.08	0.08	0.079	0.701	0.672	0.675	0.696	0.687	0.68	0.708	0.707	0.748	0.668	0.079	0.079	0.703	0.667	0.66	0.684	0.673	0.683	0.707	0.755	0.713	0.739	0.079	0.079	0.689	0.664	0.656	0.67	0.658	0.658	0.685	0.686	0.716	0.646	0.08	0.118	0.677	0.66	0.653	0.677	0.674	0.655	0.664	0.681	0.718	0.084	0.08	0.082	0.692	0.669	0.654	0.692	0.678	0.659	0.656	0.701	0.712	0.085	0.081	0.078	0.681	0.67	0.669	0.705	0.697	0.677	0.688	0.704	0.729	0.084	0.08	0.08	0.08	0.08	0.08	0.079	0.082	0.084	0.079	0.08	0.081	0.081	0.124
0.083	0.081	0.08	0.081	0.081	0.081	0.08	0.079	0.08	0.081	0.08	0.08	0.079	0.698	0.671	0.672	0.694	0.685	0.679	0.708	0.705	0.746	0.683	0.079	0.079	0.703	0.662	0.658	0.681	0.672	0.678	0.704	0.75	0.712	0.747	0.079	0.08	0.687	0.657	0.655	0.668	0.656	0.658	0.681	0.68	0.707	0.671	0.08	0.139	0.676	0.656	0.655	0.67	0.672	0.648	0.661	0.678	0.715	0.084	0.08	0.082	0.694	0.665	0.652	0.682	0.676	0.656	0.653	0.699	0.71	0.085	0.081	0.078	0.678	0.668	0.665	0.703	0.695	0.672	0.684	0.701	0.717	0.084	0.08	0.08	0.08	0.08	0.08	0.079	0.082	0.084	0.079	0.08	0.081	0.08	0.101
0.083	0.081	0.08	0.081	0.081	0.081	0.08	0.079	0.08	0.081	0.08	0.08	0.079	0.697	0.669	0.672	0.692	0.683	0.676	0.707	0.703	0.747	0.689	0.079	0.079	0.699	0.661	0.658	0.678	0.67	0.677	0.702	0.732	0.709	0.758	0.079	0.079	0.686	0.661	0.652	0.666	0.654	0.654	0.679	0.677	0.705	0.683	0.08	0.138	0.674	0.653	0.653	0.667	0.668	0.646	0.658	0.689	0.71	0.084	0.08	0.082	0.693	0.662	0.65	0.685	0.675	0.65	0.65	0.696	0.71	0.085	0.081	0.078	0.683	0.665	0.663	0.701	0.699	0.669	0.682	0.702	0.715	0.084	0.08	0.08	0.08	0.08	0.08	0.079	0.082	0.084	0.079	0.08	0.081	0.08	0.159
0.083	0.081	0.08	0.081	0.081	0.081	0.08	0.079	0.08	0.081	0.08	0.08	0.079	0.695	0.667	0.669	0.689	0.681	0.675	0.706	0.7	0.743	0.703	0.079	0.079	0.698	0.658	0.654	0.675	0.668	0.674	0.699	0.697	0.707	0.765	0.079	0.08	0.683	0.646	0.649	0.664	0.653	0.662	0.676	0.674	0.703	0.691	0.08	0.097	0.672	0.649	0.645	0.666	0.666	0.644	0.654	0.673	0.718	0.084	0.08	0.082	0.689	0.66	0.647	0.691	0.67	0.649	0.648	0.694	0.709	0.085	0.081	0.078	0.678	0.662	0.665	0.698	0.69	0.668	0.68	0.699	0.713	0.084	0.08	0.08	0.08	0.081	0.08	0.079	0.082	0.084	0.079	0.08	0.081	0.08	0.176
0.083	0.081	0.08	0.081	0.081	0.081	0.081	0.079	0.08	0.081	0.08	0.08	0.079	0.694	0.664	0.667	0.687	0.677	0.671	0.704	0.698	0.743	0.713	0.079	0.079	0.696	0.654	0.652	0.673	0.666	0.674	0.697	0.696	0.708	0.771	0.079	0.08	0.681	0.639	0.646	0.661	0.651	0.651	0.673	0.673	0.7	0.698	0.08	0.086	0.67	0.645	0.642	0.662	0.664	0.644	0.651	0.671	0.703	0.084	0.08	0.082	0.686	0.655	0.645	0.677	0.668	0.645	0.644	0.692	0.707	0.085	0.08	0.078	0.676	0.66	0.658	0.696	0.698	0.663	0.678	0.698	0.713	0.09	0.08	0.08	0.08	0.08	0.08	0.079	0.082	0.084	0.079	0.08	0.081	0.08	0.116
0.083	0.081	0.08	0.081	0.081	0.081	0.08	0.08	0.08	0.081	0.08	0.08	0.079	0.691	0.662	0.665	0.685	0.676	0.668	0.703	0.697	0.741	0.721	0.079	0.079	0.695	0.652	0.65	0.672	0.665	0.671	0.695	0.693	0.704	0.77	0.079	0.08	0.679	0.639	0.644	0.66	0.649	0.65	0.67	0.669	0.698	0.706	0.08	0.103	0.668	0.641	0.643	0.66	0.661	0.641	0.649	0.678	0.701	0.084	0.08	0.082	0.686	0.657	0.644	0.676	0.667	0.645	0.643	0.69	0.705	0.085	0.081	0.078	0.674	0.657	0.656	0.694	0.686	0.664	0.676	0.695	0.722	0.084	0.08	0.08	0.08	0.08	0.08	0.079	0.082	0.084	0.079	0.08	0.081	0.08	0.108
0.083	0.081	0.08	0.081	0.08	0.081	0.08	0.08	0.08	0.081	0.08	0.08	0.079	0.69	0.66	0.663	0.682	0.675	0.668	0.702	0.694	0.741	0.732	0.079	0.079	0.694	0.649	0.649	0.67	0.663	0.669	0.693	0.691	0.701	0.774	0.079	0.08	0.678	0.635	0.641	0.657	0.647	0.646	0.667	0.667	0.696	0.718	0.08	0.204	0.667	0.639	0.638	0.657	0.658	0.637	0.646	0.664	0.706	0.084	0.08	0.082	0.684	0.648	0.641	0.672	0.663	0.641	0.639	0.687	0.704	0.085	0.081	0.078	0.672	0.655	0.654	0.691	0.683	0.661	0.674	0.692	0.718	0.084	0.08	0.08	0.08	0.081	0.081	0.079	0.082	0.084	0.079	0.08	0.081	0.08	0.102
0.083	0.081	0.08	0.081	0.08	0.081	0.081	0.079	0.08	0.081	0.08	0.08	0.079	0.689	0.657	0.661	0.681	0.672	0.666	0.7	0.693	0.74	0.742	0.079	0.079	0.692	0.647	0.646	0.668	0.662	0.669	0.692	0.69	0.701	0.78	0.079	0.08	0.676	0.631	0.639	0.654	0.645	0.645	0.664	0.665	0.694	0.728	0.08	0.286	0.665	0.635	0.636	0.655	0.655	0.636	0.643	0.662	0.7	0.084	0.08	0.082	0.682	0.644	0.639	0.67	0.662	0.641	0.637	0.684	0.707	0.085	0.081	0.078	0.67	0.652	0.652	0.689	0.686	0.664	0.672	0.704	0.728	0.084	0.08	0.08	0.08	0.081	0.081	0.079	0.082	0.084	0.079	0.08	0.081	0.08	0.142
0.083	0.081	0.08	0.081	0.08	0.081	0.08	0.079	0.08	0.081	0.08	0.08	0.079	0.688	0.655	0.66	0.679	0.67	0.664	0.699	0.691	0.736	0.752	0.08	0.079	0.691	0.643	0.644	0.667	0.66	0.667	0.688	0.688	0.698	0.78	0.079	0.08	0.674	0.627	0.636	0.651	0.64	0.64	0.662	0.663	0.692	0.739	0.08	0.15	0.663	0.632	0.633	0.651	0.651	0.631	0.64	0.664	0.702	0.084	0.08	0.082	0.681	0.641	0.636	0.667	0.658	0.638	0.634	0.684	0.701	0.085	0.081	0.078	0.667	0.649	0.65	0.687	0.688	0.663	0.67	0.69	0.712	0.084	0.08	0.08	0.08	0.08	0.081	0.079	0.082	0.084	0.079	0.08	0.081	0.08	0.187
0.083	0.081	0.08	0.081	0.08	0.081	0.08	0.079	0.08	0.081	0.08	0.08	0.079	0.686	0.654	0.658	0.676	0.668	0.661	0.696	0.689	0.734	0.762	0.079	0.079	0.689	0.641	0.642	0.664	0.658	0.665	0.686	0.686	0.696	0.776	0.079	0.08	0.673	0.626	0.634	0.648	0.638	0.638	0.659	0.661	0.691	0.75	0.08	0.085	0.661	0.628	0.63	0.649	0.649	0.631	0.638	0.663	0.696	0.084	0.08	0.082	0.68	0.637	0.633	0.665	0.656	0.638	0.632	0.68	0.701	0.085	0.081	0.078	0.666	0.646	0.649	0.685	0.685	0.66	0.668	0.693	0.71	0.093	0.08	0.08	0.08	0.081	0.081	0.079	0.082	0.084	0.079	0.08	0.081	0.08	0.215
0.082	0.081	0.08	0.081	0.081	0.081	0.08	0.08	0.08	0.081	0.08	0.08	0.079	0.684	0.651	0.656	0.675	0.666	0.66	0.695	0.687	0.735	0.77	0.079	0.079	0.687	0.638	0.639	0.662	0.655	0.662	0.683	0.685	0.695	0.771	0.079	0.08	0.671	0.622	0.631	0.646	0.635	0.635	0.655	0.66	0.689	0.76	0.08	0.132	0.66	0.626	0.635	0.646	0.646	0.627	0.636	0.657	0.701	0.084	0.08	0.082	0.679	0.633	0.631	0.662	0.654	0.634	0.63	0.678	0.702	0.085	0.081	0.078	0.666	0.644	0.645	0.683	0.674	0.657	0.665	0.695	0.704	0.09	0.08	0.08	0.08	0.081	0.08	0.079	0.082	0.084	0.079	0.08	0.081	0.081	0.228
0.083	0.08	0.08	0.081	0.08	0.081	0.08	0.079	0.08	0.081	0.08	0.08	0.079	0.683	0.649	0.655	0.673	0.666	0.658	0.694	0.684	0.732	0.777	0.079	0.079	0.686	0.635	0.636	0.66	0.653	0.66	0.68	0.679	0.692	0.766	0.079	0.08	0.669	0.617	0.629	0.643	0.632	0.632	0.652	0.657	0.688	0.767	0.08	0.135	0.658	0.623	0.632	0.643	0.643	0.625	0.633	0.655	0.695	0.084	0.08	0.082	0.677	0.63	0.629	0.659	0.651	0.633	0.628	0.676	0.698	0.085	0.081	0.078	0.661	0.641	0.643	0.681	0.675	0.654	0.663	0.684	0.704	0.084	0.08	0.08	0.08	0.081	0.081	0.079	0.082	0.084	0.079	0.08	0.081	0.081	0.22
0.083	0.081	0.08	0.081	0.08	0.081	0.08	0.08	0.08	0.081	0.08	0.08	0.079	0.681	0.647	0.653	0.671	0.665	0.657	0.692	0.682	0.705	0.777	0.079	0.079	0.685	0.632	0.634	0.658	0.651	0.658	0.677	0.678	0.692	0.759	0.079	0.08	0.668	0.614	0.627	0.64	0.63	0.629	0.649	0.656	0.693	0.768	0.08	0.081	0.656	0.619	0.624	0.64	0.64	0.623	0.631	0.653	0.692	0.084	0.08	0.082	0.676	0.628	0.627	0.656	0.649	0.631	0.625	0.675	0.695	0.085	0.08	0.078	0.66	0.639	0.641	0.68	0.67	0.652	0.661	0.695	0.718	0.087	0.08	0.08	0.08	0.081	0.081	0.079	0.082	0.084	0.079	0.08	0.081	0.081	0.11
0.083	0.081	0.08	0.081	0.081	0.081	0.08	0.08	0.08	0.081	0.08	0.08	0.079	0.68	0.644	0.651	0.669	0.663	0.657	0.69	0.68	0.703	0.778	0.079	0.079	0.684	0.631	0.633	0.655	0.649	0.655	0.675	0.676	0.69	0.754	0.079	0.08	0.667	0.612	0.625	0.638	0.628	0.625	0.647	0.654	0.685	0.774	0.08	0.121	0.655	0.614	0.627	0.638	0.638	0.62	0.629	0.652	0.69	0.084	0.08	0.082	0.674	0.626	0.625	0.653	0.647	0.628	0.623	0.673	0.695	0.085	0.081	0.078	0.659	0.638	0.64	0.678	0.669	0.652	0.66	0.684	0.703	0.085	0.08	0.08	0.08	0.08	0.081	0.079	0.082	0.084	0.079	0.08	0.081	0.08	0.248
0.083	0.08	0.08	0.081	0.08	0.081	0.08	0.079	0.08	0.081	0.08	0.08	0.079	0.679	0.643	0.65	0.669	0.662	0.656	0.689	0.678	0.701	0.786	0.079	0.079	0.683	0.628	0.631	0.653	0.645	0.652	0.672	0.675	0.686	0.748	0.079	0.08	0.665	0.609	0.623	0.635	0.624	0.623	0.644	0.651	0.684	0.78	0.08	0.098	0.653	0.613	0.621	0.635	0.636	0.616	0.626	0.649	0.69	0.084	0.08	0.082	0.672	0.621	0.622	0.65	0.643	0.625	0.62	0.671	0.693	0.085	0.081	0.078	0.657	0.633	0.637	0.676	0.667	0.648	0.657	0.679	0.705	0.084	0.08	0.08	0.08	0.08	0.08	0.079	0.082	0.084	0.079	0.08	0.081	0.08	0.175
0.083	0.08	0.08	0.081	0.08	0.081	0.08	0.079	0.08	0.081	0.08	0.08	0.079	0.677	0.64	0.648	0.667	0.661	0.653	0.686	0.678	0.699	0.784	0.079	0.079	0.68	0.624	0.629	0.651	0.644	0.65	0.669	0.673	0.685	0.742	0.079	0.08	0.664	0.606	0.622	0.633	0.623	0.621	0.642	0.649	0.681	0.782	0.08	0.123	0.652	0.608	0.62	0.633	0.633	0.616	0.625	0.648	0.687	0.084	0.08	0.082	0.67	0.618	0.621	0.647	0.642	0.625	0.619	0.671	0.693	0.085	0.081	0.078	0.655	0.631	0.635	0.675	0.666	0.648	0.656	0.678	0.702	0.093	0.08	0.08	0.08	0.081	0.081	0.079	0.082	0.084	0.079	0.08	0.081	0.08	0.166
0.083	0.08	0.08	0.081	0.08	0.081	0.08	0.079	0.08	0.081	0.08	0.08	0.079	0.676	0.639	0.646	0.666	0.658	0.654	0.684	0.675	0.697	0.779	0.079	0.079	0.679	0.62	0.627	0.648	0.641	0.647	0.666	0.671	0.683	0.738	0.079	0.08	0.661	0.601	0.62	0.63	0.62	0.618	0.638	0.646	0.678	0.777	0.08	0.117	0.651	0.604	0.618	0.63	0.632	0.613	0.623	0.648	0.688	0.084	0.08	0.082	0.666	0.617	0.618	0.644	0.639	0.622	0.617	0.669	0.692	0.085	0.08	0.078	0.653	0.627	0.633	0.673	0.663	0.646	0.653	0.676	0.701	0.084	0.08	0.08	0.08	0.081	0.081	0.079	0.082	0.084	0.079	0.08	0.081	0.08	0.222
0.083	0.08	0.08	0.08	0.08	0.081	0.08	0.079	0.08	0.081	0.08	0.08	0.079	0.675	0.636	0.645	0.665	0.658	0.652	0.683	0.674	0.696	0.775	0.079	0.079	0.678	0.619	0.625	0.646	0.639	0.645	0.664	0.668	0.681	0.731	0.079	0.08	0.66	0.599	0.619	0.629	0.619	0.616	0.637	0.644	0.677	0.771	0.08	0.141	0.648	0.601	0.622	0.628	0.63	0.612	0.621	0.651	0.684	0.084	0.08	0.082	0.665	0.612	0.616	0.641	0.637	0.62	0.615	0.667	0.692	0.085	0.08	0.078	0.652	0.625	0.631	0.671	0.661	0.646	0.651	0.675	0.696	0.084	0.08	0.08	0.08	0.08	0.081	0.079	0.082	0.084	0.079	0.08	0.081	0.081	0.226
0.083	0.08	0.08	0.08	0.08	0.081	0.08	0.08	0.08	0.081	0.08	0.08	0.079	0.673	0.634	0.643	0.663	0.656	0.651	0.681	0.672	0.693	0.768	0.08	0.079	0.676	0.617	0.624	0.644	0.637	0.642	0.661	0.665	0.678	0.725	0.079	0.08	0.659	0.594	0.618	0.626	0.617	0.613	0.634	0.64	0.674	0.761	0.08	0.122	0.646	0.598	0.617	0.625	0.627	0.609	0.619	0.64	0.683	0.084	0.08	0.082	0.663	0.61	0.614	0.639	0.635	0.617	0.613	0.664	0.689	0.085	0.08	0.078	0.651	0.621	0.628	0.669	0.659	0.644	0.649	0.678	0.695	0.092	0.081	0.08	0.08	0.081	0.081	0.079	0.082	0.084	0.079	0.08	0.081	0.081	0.233
